Open,High,Low,Close,Adj Close,Volume
153.10000610351562,153.88999938964844,151.02999877929688,151.94000244140625,151.94000244140625,39789000
153.72000122070312,154.0800018310547,152.9499969482422,153.3800048828125,153.3800048828125,27057000
153.55999755859375,154.77999877929688,153.1199951171875,153.33999633789062,153.33999633789062,31434700
153.55999755859375,153.97999572753906,153.02999877929688,153.41000366210938,153.41000366210938,25067200
153.77000427246094,154.35000610351562,152.7100067138672,153.4199981689453,153.4199981689453,29480100
153.77000427246094,154.35000610351562,152.7100067138672,153.4199981689453,153.4199981689453,29480100
153.77000427246094,154.35000610351562,152.7100067138672,153.4199981689453,153.4199981689453,29480100
153.77000427246094,154.35000610351562,152.7100067138672,153.4199981689453,153.4199981689453,29480100
153.3000030517578,153.97000122070312,152.10000610351562,153.83999633789062,153.83999633789062,36305700
152.89999389648438,155.6300048828125,151.55999755859375,152.1199951171875,152.1199951171875,50322100
154.39999389648438,155.1199951171875,152.69000244140625,153.7899932861328,153.7899932861328,43171300
150.55999755859375,154.85000610351562,150.0500030517578,154.07000732421875,154.07000732421875,62512800
148.3800048828125,150.57000732421875,147.8800048828125,149.97000122070312,149.97000122070312,110039100
148.3800048828125,150.57000732421875,147.8800048828125,149.97000122070312,149.97000122070312,110039100
148.3800048828125,150.57000732421875,147.8800048828125,149.97000122070312,149.97000122070312,110039100
149.92999267578125,150.5399932861328,145.52000427246094,147.4199981689453,147.4199981689453,58400800
148.1199951171875,149.4600067138672,146.82000732421875,148.83999633789062,148.83999633789062,52766200
145.52000427246094,147.5,145.3000030517578,147.47999572753906,147.47999572753906,44944300
145.66000366210938,146.19000244140625,143.63999938964844,145.88999938964844,145.88999938964844,50907300
145.47999572753906,147.83999633789062,145.39999389648438,147.4199981689453,147.4199981689453,41858000
145.47999572753906,147.83999633789062,145.39999389648438,147.4199981689453,147.4199981689453,41858000
145.47999572753906,147.83999633789062,145.39999389648438,147.4199981689453,147.4199981689453,41858000
146.14999389648438,147.9199981689453,145.33999633789062,146.8800048828125,146.8800048828125,52352800
147.5800018310547,147.85000610351562,144.27999877929688,144.52000427246094,144.52000427246094,39679000
143.5500030517578,148.57000732421875,143.1300048828125,146.8800048828125,146.8800048828125,46822400
145.25,145.35000610351562,142.80999755859375,144.83999633789062,144.83999633789062,48294200
146.0,147.25,145.5500030517578,147.02999877929688,147.02999877929688,39924600
146.0,147.25,145.5500030517578,147.02999877929688,147.02999877929688,39924600
146.0,147.25,145.5500030517578,147.02999877929688,147.02999877929688,39924600
144.75999450683594,146.92999267578125,144.3300018310547,146.08999633789062,146.08999633789062,65814000
147.85000610351562,148.5399932861328,145.97000122070312,146.32000732421875,146.32000732421875,40610900
146.97999572753906,147.60000610351562,145.52999877929688,147.02999877929688,147.02999877929688,42711700
147.52999877929688,149.25999450683594,146.8800048828125,147.72999572753906,147.72999572753906,53762400
146.6999969482422,147.1999969482422,145.32000732421875,146.74000549316406,146.74000549316406,22378400
146.6999969482422,147.1999969482422,145.32000732421875,146.74000549316406,146.74000549316406,22378400
146.6999969482422,147.1999969482422,145.32000732421875,146.74000549316406,146.74000549316406,22378400
144.57000732421875,147.74000549316406,144.57000732421875,146.7100067138672,146.7100067138672,45669100
144.57000732421875,147.74000549316406,144.57000732421875,146.7100067138672,146.7100067138672,45669100
143.91000366210938,144.0500030517578,141.5,143.89999389648438,143.89999389648438,71226000
145.1300048828125,146.6300048828125,144.72999572753906,146.1300048828125,146.1300048828125,41951200
142.66000366210938,145.22999572753906,142.5399932861328,145.17999267578125,145.17999267578125,49636700
142.66000366210938,145.22999572753906,142.5399932861328,145.17999267578125,145.17999267578125,49636700
142.66000366210938,145.22999572753906,142.5399932861328,145.17999267578125,145.17999267578125,49636700
140.91000366210938,143.32000732421875,139.52000427246094,142.8300018310547,142.8300018310547,49653500
147.05999755859375,147.2899932861328,142.58999633789062,143.1999969482422,143.1999969482422,63875700
145.0,147.25999450683594,144.67999267578125,145.8000030517578,145.8000030517578,56674600
142.0800018310547,143.22999572753906,140.6699981689453,142.58999633789062,142.58999633789062,35680600
140.4600067138672,143.64999389648438,139.91000366210938,143.55999755859375,143.55999755859375,49287800
140.4600067138672,143.64999389648438,139.91000366210938,143.55999755859375,143.55999755859375,49287800
140.4600067138672,143.64999389648438,139.91000366210938,143.55999755859375,143.55999755859375,49287800
142.02000427246094,142.64999389648438,139.83999633789062,140.60000610351562,140.60000610351562,36235400
142.97000122070312,143.1199951171875,141.22000122070312,142.0800018310547,142.0800018310547,44521700
140.5500030517578,143.3699951171875,140.5,142.7100067138672,142.7100067138672,53553500
138.75999450683594,140.72999572753906,138.36000061035156,139.74000549316406,139.74000549316406,44970400
138.99000549316406,139.49000549316406,137.4499969482422,138.60000610351562,138.60000610351562,44007200
138.99000549316406,139.49000549316406,137.4499969482422,138.60000610351562,138.60000610351562,44007200
138.99000549316406,139.49000549316406,137.4499969482422,138.60000610351562,138.60000610351562,44007200
138.72999572753906,138.80999755859375,136.47000122070312,138.07000732421875,138.07000732421875,52236700
133.9600067138672,137.35000610351562,133.7100067138672,137.0,137.0,61529400
132.75,133.57000732421875,131.7100067138672,133.08999633789062,133.08999633789062,51589400
129.72000122070312,133.0,128.55999755859375,132.7100067138672,132.7100067138672,72485500
126.19999694824219,130.02000427246094,125.5199966430664,127.73999786376953,127.73999786376953,125309300
126.19999694824219,130.02000427246094,125.5199966430664,127.73999786376953,127.73999786376953,125309300
126.19999694824219,130.02000427246094,125.5199966430664,127.73999786376953,127.73999786376953,125309300
120.62999725341797,121.63999938964844,118.3499984741211,119.56999969482422,119.56999969482422,100419500
126.04000091552734,126.33999633789062,120.79000091552734,121.38999938964844,121.38999938964844,74577500
127.73999786376953,128.8000030517578,126.33999633789062,128.55999755859375,128.55999755859375,46477400
124.62999725341797,127.87999725341797,123.9800033569336,126.55999755859375,126.55999755859375,48260000
128.0500030517578,128.1699981689453,124.97000122070312,125.16999816894531,125.16999816894531,56343300
128.0500030517578,128.1699981689453,124.97000122070312,125.16999816894531,125.16999816894531,56343300
128.0500030517578,128.1699981689453,124.97000122070312,125.16999816894531,125.16999816894531,56343300
130.57000732421875,132.24000549316406,127.47000122070312,128.39999389648438,128.39999389648438,60961400
129.89999389648438,130.6699981689453,127.51000213623047,128.1300048828125,128.1300048828125,42699500
130.38999938964844,132.5800018310547,128.7100067138672,131.47000122070312,131.47000122070312,49344600
130.69000244140625,133.07000732421875,130.42999267578125,132.5500030517578,132.5500030517578,42832900
132.97999572753906,133.30999755859375,128.9499969482422,129.7899932861328,129.7899932861328,45786600
132.97999572753906,133.30999755859375,128.9499969482422,129.7899932861328,129.7899932861328,45786600
132.97999572753906,133.30999755859375,128.9499969482422,129.7899932861328,129.7899932861328,45786600
132.1699981689453,134.47999572753906,131.22999572753906,132.3300018310547,132.3300018310547,55528600
129.74000549316406,132.0500030517578,129.61000061035156,131.8300018310547,131.8300018310547,40741800
128.82000732421875,130.74000549316406,128.0500030517578,129.47999572753906,129.47999572753906,42178600
126.22000122070312,128.7899932861328,124.76000213623047,128.25999450683594,128.25999450683594,38773700
124.16000366210938,128.4499969482422,124.12999725341797,127.95999908447266,127.95999908447266,46795900
124.16000366210938,128.4499969482422,124.12999725341797,127.95999908447266,127.95999908447266,46795900
124.16000366210938,128.4499969482422,124.12999725341797,127.95999908447266,127.95999908447266,46795900
126.70999908447266,126.7300033569336,124.33000183105469,125.95999908447266,125.95999908447266,39660600
126.05999755859375,127.36000061035156,125.68000030517578,127.0,127.0,44203900
128.05999755859375,128.52000427246094,124.25,124.72000122070312,124.72000122070312,51565000
127.27999877929688,130.47000122070312,126.54000091552734,129.4600067138672,129.4600067138672,48029700
128.1999969482422,129.14999389648438,126.31999969482422,127.12000274658203,127.12000274658203,62377600
128.1999969482422,129.14999389648438,126.31999969482422,127.12000274658203,127.12000274658203,62377600
128.1999969482422,129.14999389648438,126.31999969482422,127.12000274658203,127.12000274658203,62377600
124.04000091552734,126.58000183105469,123.04000091552734,125.9800033569336,125.9800033569336,54555000
125.76000213623047,127.4800033569336,124.12999725341797,125.9800033569336,125.9800033569336,66553400
130.1199951171875,130.38999938964844,125.27999877929688,125.9800033569336,125.9800033569336,73048200
129.36000061035156,131.77999877929688,128.77000427246094,131.27000427246094,131.27000427246094,46017800
131.11000061035156,132.02999877929688,128.52000427246094,129.1199951171875,129.1199951171875,59904300
131.11000061035156,132.02999877929688,128.52000427246094,129.1199951171875,129.1199951171875,59904300
131.11000061035156,132.02999877929688,128.52000427246094,129.1199951171875,129.1199951171875,59904300
131.94000244140625,132.24000549316406,129.30999755859375,129.3300018310547,129.3300018310547,70234800
138.5500030517578,139.3699951171875,135.1999969482422,135.2899932861328,135.2899932861328,46263700
138.6999969482422,138.83999633789062,135.55999755859375,137.6300048828125,137.6300048828125,61482500
140.47999572753906,141.75,139.22000122070312,139.97999572753906,139.97999572753906,42823500
142.69000244140625,143.57000732421875,140.08999633789062,140.38999938964844,140.38999938964844,102861700
142.69000244140625,143.57000732421875,140.08999633789062,140.38999938964844,140.38999938964844,102861700
142.69000244140625,143.57000732421875,140.08999633789062,140.38999938964844,140.38999938964844,102861700
145.0800018310547,145.86000061035156,142.9499969482422,144.72000122070312,144.72000122070312,64033600
140.9499969482422,144.97999572753906,140.8699951171875,144.85000610351562,144.85000610351562,60465200
142.32000732421875,143.0,140.61000061035156,141.22999572753906,141.22999572753906,42668500
138.75,143.6199951171875,138.63999938964844,143.10000610351562,143.10000610351562,56764500
136.86000061035156,138.85000610351562,136.75,138.22999572753906,138.22999572753906,38348200
136.86000061035156,138.85000610351562,136.75,138.22999572753906,138.22999572753906,38348200
136.86000061035156,138.85000610351562,136.75,138.22999572753906,138.22999572753906,38348200
133.89999389648438,138.02999877929688,133.16000366210938,137.85000610351562,137.85000610351562,48498900
136.32000732421875,137.4499969482422,134.61000061035156,135.36000061035156,135.36000061035156,41785500
137.72999572753906,137.8000030517578,135.82000732421875,137.27000427246094,137.27000427246094,40636700
139.4600067138672,139.9600067138672,136.8800048828125,138.1199951171875,138.1199951171875,40948300
139.4600067138672,139.9600067138672,136.8800048828125,138.1199951171875,138.1199951171875,40948300
139.4600067138672,139.9600067138672,136.8800048828125,138.1199951171875,138.1199951171875,40948300
139.4600067138672,139.9600067138672,136.8800048828125,138.1199951171875,138.1199951171875,40948300
135.05999755859375,138.7899932861328,135.0,138.00999450683594,138.00999450683594,58781300
134.92999267578125,135.67999267578125,133.9199981689453,135.07000732421875,135.07000732421875,36137000
133.3800048828125,135.13999938964844,133.25,134.91000366210938,134.91000366210938,38646100
133.77999877929688,133.9499969482422,131.85000610351562,133.13999938964844,133.13999938964844,34108400
132.47000122070312,133.8699951171875,130.5800018310547,133.25999450683594,133.25999450683594,44147500
132.47000122070312,133.8699951171875,130.5800018310547,133.25999450683594,133.25999450683594,44147500
132.47000122070312,133.8699951171875,130.5800018310547,133.25999450683594,133.25999450683594,44147500
136.39999389648438,136.77999877929688,131.8300018310547,131.83999633789062,131.83999633789062,43646300
134.5,135.9499969482422,133.22000122070312,135.52000427246094,135.52000427246094,42801000
135.0800018310547,135.64999389648438,133.72999572753906,134.25,134.25,32935100
133.74000549316406,135.19000244140625,132.7100067138672,134.67999267578125,134.67999267578125,41442500
131.6199951171875,134.07000732421875,131.14999389648438,133.22000122070312,133.22000122070312,48469400
131.6199951171875,134.07000732421875,131.14999389648438,133.22000122070312,133.22000122070312,48469400
131.6199951171875,134.07000732421875,131.14999389648438,133.22000122070312,133.22000122070312,48469400
135.4600067138672,136.08999633789062,133.52999877929688,133.97999572753906,133.97999572753906,48354100
137.19000244140625,137.27000427246094,135.00999450683594,135.07000732421875,135.07000732421875,41675900
140.0500030517578,141.27999877929688,137.22999572753906,137.6699981689453,137.6699981689453,42781500
138.3000030517578,140.58999633789062,137.75,140.57000732421875,140.57000732421875,47148700
137.39999389648438,139.3300018310547,137.0,138.41000366210938,138.41000366210938,42832100
137.39999389648438,139.3300018310547,137.0,138.41000366210938,138.41000366210938,42832100
137.39999389648438,139.3300018310547,137.0,138.41000366210938,138.41000366210938,42832100
139.07000732421875,140.41000366210938,137.49000549316406,138.55999755859375,138.55999755859375,58928400
139.97000122070312,140.32000732421875,137.10000610351562,137.85000610351562,137.85000610351562,50017300
140.6199951171875,140.83999633789062,138.4199981689453,139.94000244140625,139.94000244140625,51710500
140.99000549316406,142.5399932861328,138.9499969482422,142.22000122070312,142.22000122070312,71213100
141.05999755859375,143.6300048828125,139.32000732421875,139.57000732421875,139.57000732421875,152938700
141.05999755859375,143.6300048828125,139.32000732421875,139.57000732421875,139.57000732421875,152938700
141.05999755859375,143.6300048828125,139.32000732421875,139.57000732421875,139.57000732421875,152938700
127.4800033569336,129.83999633789062,126.41000366210938,128.91000366210938,128.91000366210938,88585200
130.14999389648438,130.22999572753906,126.81999969482422,128.2100067138672,128.2100067138672,51027600
133.5500030517578,133.69000244140625,131.6199951171875,131.69000244140625,131.69000244140625,42098500
133.1999969482422,133.8699951171875,132.3800048828125,133.67999267578125,133.67999267578125,41901500
129.69000244140625,133.00999450683594,129.3300018310547,132.2100067138672,132.2100067138672,46317400
129.69000244140625,133.00999450683594,129.3300018310547,132.2100067138672,132.2100067138672,46317400
129.69000244140625,133.00999450683594,129.3300018310547,132.2100067138672,132.2100067138672,46317400
131.0,132.6300048828125,127.79000091552734,128.25,128.25,52610700
126.51000213623047,129.0800018310547,126.11000061035156,128.14999389648438,128.14999389648438,53910100
129.30999755859375,129.5800018310547,128.52999877929688,129.1300048828125,129.1300048828125,39236700
130.30999755859375,131.66000366210938,128.35000610351562,128.8000030517578,128.8000030517578,45591100
131.33999633789062,131.3699951171875,128.4199981689453,130.0,130.0,133265000
131.33999633789062,131.3699951171875,128.4199981689453,130.0,130.0,133265000
131.33999633789062,131.3699951171875,128.4199981689453,130.0,130.0,133265000
134.07000732421875,134.7899932861328,129.3300018310547,129.9600067138672,129.9600067138672,59820600
133.38999938964844,135.99000549316406,132.52999877929688,135.36000061035156,135.36000061035156,54531000
132.7100067138672,133.86000061035156,131.35000610351562,132.8300018310547,132.8300018310547,54969100
134.55999755859375,135.6199951171875,133.2100067138672,133.55999755859375,133.55999755859375,48450200
134.05999755859375,136.64999389648438,134.05999755859375,134.67999267578125,134.67999267578125,54388100
134.05999755859375,136.64999389648438,134.05999755859375,134.67999267578125,134.67999267578125,54388100
134.05999755859375,136.64999389648438,134.05999755859375,134.67999267578125,134.67999267578125,54388100
134.0399932861328,134.6699981689453,132.7100067138672,134.3000030517578,134.3000030517578,61170900
130.30999755859375,131.25999450683594,128.8300018310547,130.8000030517578,130.8000030517578,54022800
127.75,129.77000427246094,127.3499984741211,128.77999877929688,128.77999877929688,49951500
129.07000732421875,129.27999877929688,125.91999816894531,127.12999725341797,127.12999725341797,61889300
128.58999633789062,130.97000122070312,128.1300048828125,129.77999877929688,129.77999877929688,41928700
128.58999633789062,130.97000122070312,128.1300048828125,129.77999877929688,129.77999877929688,41928700
128.58999633789062,130.97000122070312,128.1300048828125,129.77999877929688,129.77999877929688,41928700
128.25,128.72999572753906,127.37000274658203,128.36000061035156,128.36000061035156,40639900
130.24000549316406,131.39999389648438,129.63999938964844,130.3800048828125,130.3800048828125,35895400
130.82000732421875,131.85000610351562,130.07000732421875,130.22000122070312,130.22000122070312,28264800
130.82000732421875,131.85000610351562,130.07000732421875,130.22000122070312,130.22000122070312,28264800
129.47000122070312,131.25,128.9499969482422,130.36000061035156,130.36000061035156,54310500
129.47000122070312,131.25,128.9499969482422,130.36000061035156,130.36000061035156,54310500
129.47000122070312,131.25,128.9499969482422,130.36000061035156,130.36000061035156,54310500
128.77000427246094,129.25999450683594,127.26000213623047,127.9000015258789,127.9000015258789,40761000
128.94000244140625,131.47999572753906,128.44000244140625,129.0399932861328,129.0399932861328,52149500
128.6300048828125,130.08999633789062,127.55000305175781,129.17999267578125,129.17999267578125,46801000
129.3300018310547,131.49000549316406,127.0999984741211,127.33000183105469,127.33000183105469,59989300
129.11000061035156,130.83999633789062,128.27999877929688,129.3300018310547,129.3300018310547,71855200
129.11000061035156,130.83999633789062,128.27999877929688,129.3300018310547,129.3300018310547,71855200
129.11000061035156,130.83999633789062,128.27999877929688,129.3300018310547,129.3300018310547,71855200
125.30999755859375,130.3300018310547,125.13999938964844,130.14999389648438,130.14999389648438,90354600
125.63999938964844,126.7300033569336,123.8499984741211,124.83000183105469,124.83000183105469,52137700
124.97000122070312,127.25,124.5,125.77999877929688,125.77999877929688,56930100
127.70999908447266,127.9000015258789,125.30000305175781,125.48999786376953,125.48999786376953,84188100
127.70999908447266,127.9000015258789,125.30000305175781,125.48999786376953,125.48999786376953,84188100
127.70999908447266,127.9000015258789,125.30000305175781,125.48999786376953,125.48999786376953,84188100
127.70999908447266,127.9000015258789,125.30000305175781,125.48999786376953,125.48999786376953,84188100
125.20999908447266,127.69000244140625,124.31999969482422,127.11000061035156,127.11000061035156,60458500
126.69999694824219,126.94999694824219,124.12000274658203,126.41999816894531,126.41999816894531,52422500
128.1199951171875,128.41000366210938,125.18000030517578,126.66000366210938,126.66000366210938,50564800
124.0199966430664,126.77999877929688,123.52999877929688,126.56999969482422,126.56999969482422,51338000
124.08000183105469,125.80000305175781,123.19000244140625,123.43000030517578,123.43000030517578,51330000
124.08000183105469,125.80000305175781,123.19000244140625,123.43000030517578,123.43000030517578,51330000
124.08000183105469,125.80000305175781,123.19000244140625,123.43000030517578,123.43000030517578,51330000
123.01000213623047,125.62999725341797,122.26000213623047,124.25,124.25,62159300
127.01000213623047,127.37000274658203,120.62999725341797,121.2300033569336,121.2300033569336,95663300
125.06999969482422,127.4000015258789,125.0,126.61000061035156,126.61000061035156,45695200
123.36000061035156,125.80000305175781,123.02999877929688,125.30000305175781,125.30000305175781,47950100
124.91999816894531,126.38999938964844,124.0199966430664,124.25,124.25,61215000
124.91999816894531,126.38999938964844,124.0199966430664,124.25,124.25,61215000
124.91999816894531,126.38999938964844,124.0199966430664,124.25,124.25,61215000
120.69000244140625,123.48999786376953,119.93000030517578,122.7699966430664,122.7699966430664,54375100
121.44999694824219,122.04000091552734,119.16999816894531,120.58000183105469,120.58000183105469,72800800
122.37000274658203,122.91999816894531,119.86000061035156,121.66000366210938,121.66000366210938,64314800
116.04000091552734,121.5,116.0199966430664,120.11000061035156,120.11000061035156,96779900
116.04000091552734,121.5,116.0199966430664,120.11000061035156,120.11000061035156,96779900
116.04000091552734,121.5,116.0199966430664,120.11000061035156,120.11000061035156,96779900
116.04000091552734,121.5,116.0199966430664,120.11000061035156,120.11000061035156,96779900
116.62999725341797,116.87000274658203,114.30999755859375,115.0,115.0,66496700
115.3499984741211,117.33999633789062,115.0199966430664,116.75,116.75,63487900
114.2699966430664,117.13999938964844,113.77999877929688,114.98999786376953,114.98999786376953,67576300
116.7699966430664,116.7699966430664,114.25,115.01000213623047,115.01000213623047,70741100
118.16000366210938,118.30999755859375,115.69999694824219,116.25,116.25,54990200
118.16000366210938,118.30999755859375,115.69999694824219,116.25,116.25,54990200
118.16000366210938,118.30999755859375,115.69999694824219,116.25,116.25,54990200
116.69000244140625,118.5999984741211,116.33999633789062,118.1500015258789,118.1500015258789,73174100
114.88999938964844,115.83000183105469,114.22000122070312,115.5,115.5,65655200
111.05000305175781,114.79000091552734,111.05000305175781,113.4000015258789,113.4000015258789,71472900
111.1500015258789,112.29000091552734,109.25,111.19999694824219,111.19999694824219,53011100
112.16000366210938,112.63999938964844,109.31999969482422,110.26000213623047,110.26000213623047,49810100
112.16000366210938,112.63999938964844,109.31999969482422,110.26000213623047,110.26000213623047,49810100
112.16000366210938,112.63999938964844,109.31999969482422,110.26000213623047,110.26000213623047,49810100
111.02999877929688,113.27999877929688,110.48999786376953,112.18000030517578,112.18000030517578,74924800
108.0999984741211,110.66999816894531,108.05000305175781,110.19000244140625,110.19000244140625,78627600
105.4800033569336,106.79000091552734,105.16000366210938,106.62000274658203,106.62000274658203,44089400
105.04000091552734,106.0999984741211,104.69999694824219,105.83000183105469,105.83000183105469,49430900
104.2699966430664,105.76000213623047,103.55000305175781,105.66000366210938,105.66000366210938,56912900
104.2699966430664,105.76000213623047,103.55000305175781,105.66000366210938,105.66000366210938,56912900
104.2699966430664,105.76000213623047,103.55000305175781,105.66000366210938,105.66000366210938,56912900
104.04000091552734,105.38999938964844,103.30999755859375,104.0,104.0,45345500
103.73999786376953,105.95999908447266,103.27999877929688,103.6500015258789,103.6500015258789,65051900
101.47000122070312,103.9000015258789,101.1500015258789,103.62999725341797,103.62999725341797,73469400
104.94999694824219,105.2300033569336,101.81999969482422,102.05000305175781,102.05000305175781,74728100
107.7300033569336,109.4800033569336,104.33000183105469,105.44999694824219,105.44999694824219,130565000
107.7300033569336,109.4800033569336,104.33000183105469,105.44999694824219,105.44999694824219,130565000
107.7300033569336,109.4800033569336,104.33000183105469,105.44999694824219,105.44999694824219,130565000
108.16000366210938,110.86000061035156,106.80000305175781,109.81999969482422,109.81999969482422,149961200
105.04000091552734,106.62000274658203,104.0999984741211,104.9800033569336,104.9800033569336,73803800
104.91000366210938,105.44999694824219,102.44999694824219,102.56999969482422,102.56999969482422,65026800
107.66000366210938,109.2300033569336,105.06999969482422,106.20999908447266,106.20999908447266,69575600
106.0999984741211,108.1500015258789,105.08000183105469,106.95999908447266,106.95999908447266,86774200
106.0999984741211,108.1500015258789,105.08000183105469,106.95999908447266,106.95999908447266,86774200
106.0999984741211,108.1500015258789,105.08000183105469,106.95999908447266,106.95999908447266,86774200
103.52999877929688,105.25,103.20999908447266,103.80999755859375,103.80999755859375,57696900
101.58000183105469,105.12000274658203,101.38999938964844,104.30000305175781,104.30000305175781,58398900
103.94999694824219,104.19999694824219,101.5199966430664,102.30000305175781,102.30000305175781,39790500
103.16000366210938,103.7300033569336,101.58999633789062,102.73999786376953,102.73999786376953,39919500
102.06999969482422,103.19999694824219,101.11000061035156,102.51000213623047,102.51000213623047,51450500
102.06999969482422,103.19999694824219,101.11000061035156,102.51000213623047,102.51000213623047,51450500
102.06999969482422,103.19999694824219,101.11000061035156,102.51000213623047,102.51000213623047,51450500
98.94999694824219,102.56999969482422,98.70999908447266,102.4000015258789,102.4000015258789,67925100
100.4000015258789,100.51000213623047,97.70999908447266,97.83000183105469,97.83000183105469,56735000
100.80000305175781,101.0,99.01000213623047,99.91999816894531,99.91999816894531,60417800
100.95999908447266,102.19999694824219,99.56999969482422,102.16999816894531,102.16999816894531,37261200
100.75,102.37999725341797,99.80000305175781,102.05999755859375,102.05999755859375,43808000
100.75,102.37999725341797,99.80000305175781,102.05999755859375,102.05999755859375,43808000
100.75,102.37999725341797,99.80000305175781,102.05999755859375,102.05999755859375,43808000
100.75,102.37999725341797,99.80000305175781,102.05999755859375,102.05999755859375,43808000
103.91000366210938,103.91000366210938,100.75,101.0999984741211,101.0999984741211,45175400
102.75,104.19999694824219,102.11000061035156,103.94999694824219,103.94999694824219,48662500
102.30000305175781,103.29000091552734,101.43000030517578,102.41000366210938,102.41000366210938,41135700
102.16000366210938,103.48999786376953,101.94999694824219,103.29000091552734,103.29000091552734,56750300
102.16000366210938,103.48999786376953,101.94999694824219,103.29000091552734,103.29000091552734,56750300
102.16000366210938,103.48999786376953,101.94999694824219,103.29000091552734,103.29000091552734,56750300
101.55000305175781,103.04000091552734,101.01000213623047,102.0,102.0,53633400
98.69000244140625,100.41999816894531,98.55999755859375,100.25,100.25,49783300
98.11000061035156,98.44000244140625,96.29000091552734,97.23999786376953,97.23999786376953,38720100
99.06999969482422,99.33999633789062,97.08000183105469,98.04000091552734,98.04000091552734,46721300
98.06999969482422,98.30000305175781,96.4000015258789,98.12999725341797,98.12999725341797,56095400
98.06999969482422,98.30000305175781,96.4000015258789,98.12999725341797,98.12999725341797,56095400
98.06999969482422,98.30000305175781,96.4000015258789,98.12999725341797,98.12999725341797,56095400
100.43000030517578,101.05999755859375,97.62000274658203,98.70999908447266,98.70999908447266,57559300
100.44999694824219,102.0999984741211,98.61000061035156,98.69999694824219,98.69999694824219,57475400
98.13999938964844,100.8499984741211,98.0,100.61000061035156,100.61000061035156,58597300
98.41000366210938,98.4800033569336,95.69999694824219,97.70999908447266,97.70999908447266,62388900
99.79000091552734,100.66000366210938,97.45999908447266,98.94999694824219,98.94999694824219,87300200
99.79000091552734,100.66000366210938,97.45999908447266,98.94999694824219,98.94999694824219,87300200
99.79000091552734,100.66000366210938,97.45999908447266,98.94999694824219,98.94999694824219,87300200
95.75,100.98999786376953,95.61000061035156,100.04000091552734,100.04000091552734,84446900
93.22000122070312,96.66999816894531,93.06999969482422,96.19999694824219,96.19999694824219,70731800
93.83000183105469,95.06999969482422,92.70999908447266,94.87999725341797,94.87999725341797,60912700
89.97000122070312,94.0199966430664,88.12000274658203,92.43000030517578,92.43000030517578,72397100
92.66999816894531,93.56999969482422,90.25,90.7300033569336,90.7300033569336,69827500
92.66999816894531,93.56999969482422,90.25,90.7300033569336,90.7300033569336,69827500
92.66999816894531,93.56999969482422,90.25,90.7300033569336,90.7300033569336,69827500
93.68000030517578,96.20999908447266,92.18000030517578,92.25,92.25,56218700
93.5999984741211,94.16999816894531,92.18000030517578,93.91999816894531,93.91999816894531,44899100
94.05999755859375,95.08999633789062,92.77999877929688,93.55000305175781,93.55000305175781,49100700
95.19000244140625,96.55000305175781,93.73999786376953,93.75,93.75,52112400
92.73999786376953,94.94000244140625,92.66000366210938,94.9000015258789,94.9000015258789,55759600
92.73999786376953,94.94000244140625,92.66000366210938,94.9000015258789,94.9000015258789,55759600
92.73999786376953,94.94000244140625,92.66000366210938,94.9000015258789,94.9000015258789,55759600
91.41000366210938,92.2300033569336,90.38999938964844,92.12999725341797,92.12999725341797,55509400
93.87000274658203,94.68000030517578,91.58999633789062,92.16999816894531,92.16999816894531,52299500
93.13999938964844,94.69000244140625,92.91999816894531,94.2300033569336,94.2300033569336,43959300
94.27999877929688,94.77999877929688,93.13999938964844,93.76000213623047,93.76000213623047,47470300
93.52999877929688,94.13999938964844,92.31999969482422,93.5,93.5,57053800
93.52999877929688,94.13999938964844,92.31999969482422,93.5,93.5,57053800
93.52999877929688,94.13999938964844,92.31999969482422,93.5,93.5,57053800
96.12000274658203,96.43000030517578,93.66999816894531,95.81999969482422,95.81999969482422,48467000
95.0999984741211,97.01000213623047,94.80000305175781,95.79000091552734,95.79000091552734,59534100
95.33999633789062,95.61000061035156,94.2699966430664,94.58000183105469,94.58000183105469,56580400
97.80000305175781,97.94000244140625,95.6500015258789,97.19999694824219,97.19999694824219,60029400
97.80000305175781,97.94000244140625,95.6500015258789,97.19999694824219,97.19999694824219,60029400
97.80000305175781,97.94000244140625,95.6500015258789,97.19999694824219,97.19999694824219,60029400
97.80000305175781,97.94000244140625,95.6500015258789,97.19999694824219,97.19999694824219,60029400
99.20999908447266,100.62999725341797,98.0999984741211,98.1500015258789,98.1500015258789,56339200
99.08999633789062,101.16999816894531,98.44999694824219,101.16000366210938,101.16000366210938,47957600
98.41000366210938,100.91999816894531,97.5199966430664,99.69999694824219,99.69999694824219,56202900
97.8499984741211,99.68000030517578,96.91000366210938,99.54000091552734,99.54000091552734,52841500
97.55999755859375,98.81999969482422,96.2300033569336,97.61000061035156,97.61000061035156,52740100
97.55999755859375,98.81999969482422,96.2300033569336,97.61000061035156,97.61000061035156,52740100
97.55999755859375,98.81999969482422,96.2300033569336,97.61000061035156,97.61000061035156,52740100
101.31999969482422,101.77999877929688,97.56999969482422,98.23999786376953,98.23999786376953,64622500
102.04000091552734,102.66999816894531,98.77999877929688,100.05000305175781,100.05000305175781,75878300
101.16999816894531,102.41000366210938,98.08000183105469,102.11000061035156,102.11000061035156,119501300
102.93000030517578,103.94999694824219,100.6500015258789,102.18000030517578,102.18000030517578,81945200
105.26000213623047,108.77999877929688,102.5199966430664,103.38999938964844,103.38999938964844,144374800
105.26000213623047,108.77999877929688,102.5199966430664,103.38999938964844,103.38999938964844,144374800
105.26000213623047,108.77999877929688,102.5199966430664,103.38999938964844,103.38999938964844,144374800
110.25,114.0,108.87999725341797,112.91000366210938,112.91000366210938,158154200
102.52999877929688,106.23999786376953,101.23999786376953,105.1500015258789,105.1500015258789,80450100
101.16000366210938,103.3499984741211,101.13999938964844,103.12999725341797,103.12999725341797,66527300
101.08999633789062,101.73999786376953,99.01000213623047,100.55000305175781,100.55000305175781,70691900
99.52999877929688,103.48999786376953,99.52999877929688,102.23999786376953,102.23999786376953,87775600
99.52999877929688,103.48999786376953,99.52999877929688,102.23999786376953,102.23999786376953,87775600
99.52999877929688,103.48999786376953,99.52999877929688,102.23999786376953,102.23999786376953,87775600
98.23999786376953,99.48999786376953,96.91999816894531,99.22000122070312,99.22000122070312,68523600
92.55999755859375,97.23999786376953,91.5199966430664,97.18000030517578,97.18000030517578,94261600
96.93000030517578,98.08999633789062,96.0,96.31999969482422,96.31999969482422,66929500
97.55999755859375,97.77999877929688,95.86000061035156,97.5199966430664,97.5199966430664,76501100
93.86000061035156,97.3499984741211,93.19999694824219,97.25,97.25,67481500
93.86000061035156,97.3499984741211,93.19999694824219,97.25,97.25,67481500
93.86000061035156,97.3499984741211,93.19999694824219,97.25,97.25,67481500
94.73999786376953,95.44000244140625,92.86000061035156,93.68000030517578,93.68000030517578,69002700
97.25,99.31999969482422,95.37999725341797,95.45999908447266,95.45999908447266,79570400
98.68000030517578,98.88999938964844,95.7300033569336,96.05000305175781,96.05000305175781,72755000
94.18000030517578,98.37000274658203,94.12000274658203,98.12000274658203,98.12000274658203,85549400
94.18000030517578,98.37000274658203,94.12000274658203,98.12000274658203,98.12000274658203,85549400
94.18000030517578,98.37000274658203,94.12000274658203,98.12000274658203,98.12000274658203,85549400
94.18000030517578,98.37000274658203,94.12000274658203,98.12000274658203,98.12000274658203,85549400
96.93000030517578,97.19000244140625,93.5,95.2699966430664,95.2699966430664,85254800
90.93000030517578,95.26000213623047,90.93000030517578,95.08999633789062,95.08999633789062,103126200
87.56999969482422,90.19000244140625,87.29000091552734,89.87000274658203,89.87000274658203,67756600
87.45999908447266,89.4800033569336,87.08000183105469,87.36000061035156,87.36000061035156,65266100
83.02999877929688,86.4000015258789,81.43000030517578,86.08000183105469,86.08000183105469,83303400
83.02999877929688,86.4000015258789,81.43000030517578,86.08000183105469,86.08000183105469,83303400
83.02999877929688,86.4000015258789,81.43000030517578,86.08000183105469,86.08000183105469,83303400
85.33000183105469,85.41999816894531,83.06999969482422,83.12000274658203,83.12000274658203,67930800
86.55000305175781,86.9800033569336,83.36000061035156,85.13999938964844,85.13999938964844,68885100
85.45999908447266,86.95999908447266,84.20999908447266,85.81999969482422,85.81999969482422,76706000
83.12000274658203,84.05000305175781,82.47000122070312,84.0,84.0,62401200
83.12000274658203,84.05000305175781,82.47000122070312,84.0,84.0,62401200
83.12000274658203,84.05000305175781,82.47000122070312,84.0,84.0,62401200
83.12000274658203,84.05000305175781,82.47000122070312,84.0,84.0,62401200
82.87000274658203,84.55000305175781,82.55000305175781,84.18000030517578,84.18000030517578,54995900
82.80000305175781,83.4800033569336,81.69000244140625,81.81999969482422,81.81999969482422,58228600
84.97000122070312,85.3499984741211,83.0,83.04000091552734,83.04000091552734,57284000
83.25,85.77999877929688,82.93000030517578,85.25,85.25,57433700
83.25,85.77999877929688,82.93000030517578,85.25,85.25,57433700
83.25,85.77999877929688,82.93000030517578,85.25,85.25,57433700
83.25,85.77999877929688,82.93000030517578,85.25,85.25,57433700
85.5199966430664,85.68000030517578,82.25,83.79000091552734,83.79000091552734,81431300
86.18000030517578,87.2300033569336,85.20999908447266,86.7699966430664,86.7699966430664,59267200
85.33000183105469,86.61000061035156,84.33000183105469,85.19000244140625,85.19000244140625,74348300
87.51000213623047,87.62999725341797,84.51000213623047,84.91999816894531,84.91999816894531,83531500
88.2699966430664,89.3499984741211,86.7300033569336,87.86000061035156,87.86000061035156,146144100
88.2699966430664,89.3499984741211,86.7300033569336,87.86000061035156,87.86000061035156,146144100
88.2699966430664,89.3499984741211,86.7300033569336,87.86000061035156,87.86000061035156,146144100
89.88999938964844,89.97000122070312,87.47000122070312,88.44999694824219,88.44999694824219,84802900
92.5,93.45999908447266,89.87000274658203,91.58000183105469,91.58000183105469,70298000
95.2300033569336,96.25,90.5199966430664,92.48999786376953,92.48999786376953,100212000
89.20999908447266,90.58000183105469,87.87000274658203,90.55000305175781,90.55000305175781,61999800
88.9000015258789,90.30000305175781,88.62999725341797,89.08999633789062,89.08999633789062,67398500
88.9000015258789,90.30000305175781,88.62999725341797,89.08999633789062,89.08999633789062,67398500
88.9000015258789,90.30000305175781,88.62999725341797,89.08999633789062,89.08999633789062,67398500
89.23999786376953,90.86000061035156,87.87999725341797,90.3499984741211,90.3499984741211,73305900
88.33999633789062,89.88999938964844,87.4800033569336,88.45999908447266,88.45999908447266,68086900
90.5,91.04000091552734,87.9000015258789,88.25,88.25,75503600
93.05000305175781,94.05999755859375,90.81999969482422,91.01000213623047,91.01000213623047,71535500
94.4800033569336,95.36000061035156,93.77999877929688,94.12999725341797,94.12999725341797,72496400
94.4800033569336,95.36000061035156,93.77999877929688,94.12999725341797,94.12999725341797,72496400
94.4800033569336,95.36000061035156,93.77999877929688,94.12999725341797,94.12999725341797,72496400
96.98999786376953,97.2300033569336,94.91999816894531,95.5,95.5,68488000
92.47000122070312,96.54000091552734,91.52999877929688,96.54000091552734,96.54000091552734,102805800
94.04000091552734,94.41000366210938,91.44000244140625,92.41999816894531,92.41999816894531,65567300
93.93000030517578,96.4000015258789,93.43000030517578,93.94999694824219,93.94999694824219,74943100
93.79000091552734,94.43000030517578,93.06999969482422,93.41000366210938,93.41000366210938,35088600
93.79000091552734,94.43000030517578,93.06999969482422,93.41000366210938,93.41000366210938,35088600
93.79000091552734,94.43000030517578,93.06999969482422,93.41000366210938,93.41000366210938,35088600
93.23999786376953,94.58000183105469,92.83000183105469,94.12999725341797,94.12999725341797,59414700
93.23999786376953,94.58000183105469,92.83000183105469,94.12999725341797,94.12999725341797,59414700
92.62000274658203,93.3499984741211,90.87000274658203,93.19999694824219,93.19999694824219,62192000
93.97000122070312,95.0199966430664,90.58999633789062,92.45999908447266,92.45999908447266,84330300
95.94999694824219,95.98999786376953,92.4800033569336,94.13999938964844,94.13999938964844,72428200
95.94999694824219,95.98999786376953,92.4800033569336,94.13999938964844,94.13999938964844,72428200
95.94999694824219,95.98999786376953,92.4800033569336,94.13999938964844,94.13999938964844,72428200
95.37000274658203,96.97000122070312,94.02999877929688,94.8499984741211,94.8499984741211,82617900
96.8499984741211,98.48999786376953,95.54000091552734,97.12000274658203,97.12000274658203,87958800
103.20999908447266,103.79000091552734,97.33999633789062,98.94000244140625,98.94000244140625,111336300
98.7699966430664,100.12000274658203,97.29000091552734,98.48999786376953,98.48999786376953,99533100
97.87999725341797,101.19000244140625,96.66000366210938,100.79000091552734,100.79000091552734,111590500
97.87999725341797,101.19000244140625,96.66000366210938,100.79000091552734,100.79000091552734,111590500
97.87999725341797,101.19000244140625,96.66000366210938,100.79000091552734,100.79000091552734,111590500
92.94000244140625,98.69000244140625,91.6500015258789,96.62999725341797,96.62999725341797,173414900
89.47000122070312,89.4800033569336,85.87000274658203,86.13999938964844,86.13999938964844,90796200
90.79000091552734,91.72000122070312,88.2300033569336,89.9800033569336,89.9800033569336,88703400
91.94999694824219,92.0999984741211,89.04000091552734,90.52999877929688,90.52999877929688,77495700
91.48999786376953,92.44000244140625,88.04000091552734,90.9800033569336,90.9800033569336,129101300
91.48999786376953,92.44000244140625,88.04000091552734,90.9800033569336,90.9800033569336,129101300
91.48999786376953,92.44000244140625,88.04000091552734,90.9800033569336,90.9800033569336,129101300
92.47000122070312,93.5,89.0199966430664,89.30000305175781,89.30000305175781,136683300
97.31999969482422,97.73999786376953,92.01000213623047,92.12000274658203,92.12000274658203,135761800
103.98999786376953,104.58000183105469,96.05999755859375,96.79000091552734,96.79000091552734,153370000
103.55999755859375,104.87000274658203,100.73999786376953,102.44000244140625,102.44000244140625,99251400
97.91000366210938,103.95999908447266,97.66000366210938,103.41000366210938,103.41000366210938,223133400
97.91000366210938,103.95999908447266,97.66000366210938,103.41000366210938,103.41000366210938,223133400
97.91000366210938,103.95999908447266,97.66000366210938,103.41000366210938,103.41000366210938,223133400
113.91999816894531,114.12000274658203,109.7699966430664,110.95999908447266,110.95999908447266,129605400
116.0,119.3499984741211,114.76000213623047,115.66000366210938,115.66000366210938,68802300
119.6500015258789,121.31999969482422,118.94999694824219,120.5999984741211,120.5999984741211,50934600
119.9800033569336,120.38999938964844,116.56999969482422,119.81999969482422,119.81999969482422,49531500
114.79000091552734,119.58999633789062,114.5,119.31999969482422,119.31999969482422,55660500
114.79000091552734,119.58999633789062,114.5,119.31999969482422,119.31999969482422,55660500
114.79000091552734,119.58999633789062,114.5,119.31999969482422,119.31999969482422,55660500
113.83000183105469,118.23999786376953,113.51000213623047,115.25,115.25,48795100
114.70999908447266,116.58999633789062,113.22000122070312,115.06999969482422,115.06999969482422,47198100
119.05999755859375,119.5199966430664,114.79000091552734,116.36000061035156,116.36000061035156,65607400
110.11000061035156,114.19000244140625,110.08999633789062,113.79000091552734,113.79000091552734,62782000
114.0999984741211,114.95999908447266,106.5999984741211,106.9000015258789,106.9000015258789,67737300
114.0999984741211,114.95999908447266,106.5999984741211,106.9000015258789,106.9000015258789,67737300
114.0999984741211,114.95999908447266,106.5999984741211,106.9000015258789,106.9000015258789,67737300
107.87999725341797,113.44000244140625,105.3499984741211,112.52999877929688,112.52999877929688,86868100
112.48999786376953,113.83000183105469,111.4000015258789,112.9000015258789,112.9000015258789,45728700
112.70999908447266,115.4800033569336,110.38999938964844,112.20999908447266,112.20999908447266,56432200
115.0999984741211,116.25,112.43000030517578,113.66999816894531,113.66999816894531,42339700
118.0,118.16999816894531,113.87999725341797,114.55999755859375,114.55999755859375,54678000
118.0,118.16999816894531,113.87999725341797,114.55999755859375,114.55999755859375,54678000
118.0,118.16999816894531,113.87999725341797,114.55999755859375,114.55999755859375,54678000
120.7699966430664,121.52999877929688,119.5,120.30000305175781,120.30000305175781,42253800
118.58000183105469,121.75,117.69000244140625,120.94999694824219,120.94999694824219,48217500
119.88999938964844,123.0,119.79000091552734,121.08999633789062,121.08999633789062,62812600
113.58000183105469,116.91000366210938,112.44999694824219,115.87999725341797,115.87999725341797,50941900
114.08000183105469,116.91999816894531,112.83999633789062,113.0,113.0,59479600
114.08000183105469,116.91999816894531,112.83999633789062,113.0,113.0,59479600
114.08000183105469,116.91999816894531,112.83999633789062,113.0,113.0,59479600
115.5999984741211,116.06999969482422,113.05999755859375,114.80000305175781,114.80000305175781,58969700
114.37999725341797,118.69999694824219,113.80000305175781,118.01000213623047,118.01000213623047,55763800
117.19999694824219,118.31999969482422,113.05000305175781,114.41000366210938,114.41000366210938,60094700
113.30000305175781,117.33999633789062,113.12999725341797,115.1500015258789,115.1500015258789,62723300
116.0,116.05000305175781,112.05999755859375,113.77999877929688,113.77999877929688,65126700
116.0,116.05000305175781,112.05999755859375,113.77999877929688,113.77999877929688,65126700
116.0,116.05000305175781,112.05999755859375,113.77999877929688,113.77999877929688,65126700
117.08000183105469,118.79000091552734,116.26000213623047,117.30999755859375,117.30999755859375,55229200
122.48999786376953,123.76000213623047,118.44999694824219,118.54000091552734,118.54000091552734,58498900
123.3499984741211,124.4000015258789,121.13999938964844,122.19000244140625,122.19000244140625,47698400
122.16000366210938,124.70999908447266,121.80000305175781,124.66000366210938,124.66000366210938,47279700
122.77999877929688,123.87000274658203,120.69999694824219,123.52999877929688,123.52999877929688,115667800
122.77999877929688,123.87000274658203,120.69999694824219,123.52999877929688,123.52999877929688,115667800
122.77999877929688,123.87000274658203,120.69999694824219,123.52999877929688,123.52999877929688,115667800
127.37999725341797,130.3699951171875,125.5,126.27999877929688,126.27999877929688,52887200
127.36000061035156,128.83999633789062,126.33000183105469,128.5500030517578,128.5500030517578,45316800
131.00999450683594,131.39999389648438,126.2699966430664,126.81999969482422,126.81999969482422,72694000
134.10000610351562,136.49000549316406,134.0,136.4499969482422,136.4499969482422,53826900
130.91000366210938,133.69000244140625,130.75999450683594,133.27000427246094,133.27000427246094,49387600
130.91000366210938,133.69000244140625,130.75999450683594,133.27000427246094,133.27000427246094,49387600
130.91000366210938,133.69000244140625,130.75999450683594,133.27000427246094,133.27000427246094,49387600
127.72000122070312,130.27999877929688,127.0999984741211,129.82000732421875,129.82000732421875,43988500
126.12000274658203,129.82000732421875,125.4000015258789,129.47999572753906,129.47999572753906,47900300
127.91999816894531,128.6199951171875,124.73999786376953,126.11000061035156,126.11000061035156,43888600
129.5,131.3800048828125,126.38999938964844,127.51000213623047,127.51000213623047,57429800
129.5,131.3800048828125,126.38999938964844,127.51000213623047,127.51000213623047,57429800
129.5,131.3800048828125,126.38999938964844,127.51000213623047,127.51000213623047,57429800
129.5,131.3800048828125,126.38999938964844,127.51000213623047,127.51000213623047,57429800
126.0,128.02000427246094,123.66000366210938,127.81999969482422,127.81999969482422,56636100
129.4499969482422,130.58999633789062,126.73999786376953,126.7699966430664,126.7699966430664,53648700
131.25,132.07000732421875,126.8499984741211,128.72999572753906,128.72999572753906,49203000
129.89999389648438,131.9499969482422,128.77000427246094,129.7899932861328,129.7899932861328,48101600
136.5500030517578,137.8300018310547,130.5,130.75,130.75,53322700
136.5500030517578,137.8300018310547,130.5,130.75,130.75,53322700
136.5500030517578,137.8300018310547,130.5,130.75,130.75,53322700
135.25999450683594,137.4199981689453,134.27999877929688,137.27999877929688,137.27999877929688,37496300
132.75,135.47000122070312,132.10000610351562,133.8000030517578,133.8000030517578,38627000
133.41000366210938,134.99000549316406,132.9499969482422,133.6199951171875,133.6199951171875,36252100
135.72000122070312,136.32000732421875,132.85000610351562,133.22000122070312,133.22000122070312,50461500
140.47000122070312,141.11000061035156,137.91000366210938,138.22999572753906,138.22999572753906,47792800
140.47000122070312,141.11000061035156,137.91000366210938,138.22999572753906,138.22999572753906,47792800
140.47000122070312,141.11000061035156,137.91000366210938,138.22999572753906,138.22999572753906,47792800
141.32000732421875,142.77000427246094,140.3800048828125,142.3000030517578,142.3000030517578,37458700
142.69000244140625,143.3800048828125,140.77999877929688,142.10000610351562,142.10000610351562,48149800
143.91000366210938,146.57000732421875,142.0,144.77999877929688,144.77999877929688,59102900
142.8000030517578,143.75999450683594,141.49000549316406,143.17999267578125,143.17999267578125,39014600
142.0500030517578,143.57000732421875,140.1199951171875,143.5500030517578,143.5500030517578,47643500
142.0500030517578,143.57000732421875,140.1199951171875,143.5500030517578,143.5500030517578,47643500
142.0500030517578,143.57000732421875,140.1199951171875,143.5500030517578,143.5500030517578,47643500
143.86000061035156,144.49000549316406,139.75999450683594,140.63999938964844,140.63999938964844,44867300
142.89999389648438,144.60000610351562,141.00999450683594,142.69000244140625,142.69000244140625,54773800
138.0500030517578,138.9499969482422,136.2100067138672,137.8300018310547,137.8300018310547,40434700
142.0500030517578,144.22999572753906,138.2899932861328,139.41000366210938,139.41000366210938,52229000
140.10000610351562,142.86000061035156,139.60000610351562,140.8000030517578,140.8000030517578,50686900
140.10000610351562,142.86000061035156,139.60000610351562,140.8000030517578,140.8000030517578,50686900
140.10000610351562,142.86000061035156,139.60000610351562,140.8000030517578,140.8000030517578,50686900
140.5800018310547,143.55999755859375,139.5500030517578,142.57000732421875,142.57000732421875,70585000
136.2100067138672,140.49000549316406,136.0500030517578,139.52000427246094,139.52000427246094,71827800
134.72000122070312,137.44000244140625,134.08999633789062,134.16000366210938,134.16000366210938,61922400
134.9600067138672,138.8300018310547,133.50999450683594,135.38999938964844,135.38999938964844,76846900
134.89999389648438,137.64999389648438,132.41000366210938,134.9499969482422,134.9499969482422,148892900
134.89999389648438,137.64999389648438,132.41000366210938,134.9499969482422,134.9499969482422,148892900
134.89999389648438,137.64999389648438,132.41000366210938,134.9499969482422,134.9499969482422,148892900
121.56999969482422,122.83999633789062,118.08000183105469,122.27999877929688,122.27999877929688,82245500
117.30999755859375,121.9000015258789,117.16000366210938,120.97000122070312,120.97000122070312,61582000
115.79000091552734,118.1500015258789,114.52999877929688,114.80999755859375,114.80999755859375,67075100
122.69999694824219,123.63999938964844,120.02999877929688,121.13999938964844,121.13999938964844,50221300
125.01000213623047,125.5,121.3499984741211,122.41999816894531,122.41999816894531,51463800
125.01000213623047,125.5,121.3499984741211,122.41999816894531,122.41999816894531,51463800
125.01000213623047,125.5,121.3499984741211,122.41999816894531,122.41999816894531,51463800
123.19999694824219,124.8499984741211,121.26000213623047,124.62999725341797,124.62999725341797,60239900
118.62000274658203,123.4800033569336,118.31999969482422,122.7699966430664,122.7699966430664,71268300
115.69999694824219,118.94999694824219,114.02999877929688,118.20999908447266,118.20999908447266,60990000
115.0,117.23999786376953,113.1500015258789,113.76000213623047,113.76000213623047,59115400
112.5,115.58999633789062,111.58999633789062,113.55000305175781,113.55000305175781,84317800
112.5,115.58999633789062,111.58999633789062,113.55000305175781,113.55000305175781,84317800
112.5,115.58999633789062,111.58999633789062,113.55000305175781,113.55000305175781,84317800
110.23999786376953,111.18000030517578,107.58000183105469,110.62999725341797,110.62999725341797,51163100
107.02999877929688,111.77999877929688,106.01000213623047,110.4000015258789,110.4000015258789,61353800
112.16000366210938,113.2300033569336,108.33999633789062,109.22000122070312,109.22000122070312,54280300
114.08000183105469,114.30000305175781,110.87000274658203,111.75,111.75,53487600
114.5999984741211,116.58000183105469,113.69000244140625,115.54000091552734,115.54000091552734,45719700
114.5999984741211,116.58000183105469,113.69000244140625,115.54000091552734,115.54000091552734,45719700
114.5999984741211,116.58000183105469,113.69000244140625,115.54000091552734,115.54000091552734,45719700
113.8499984741211,116.98999786376953,113.48999786376953,116.33000183105469,116.33000183105469,57872300
113.20999908447266,115.4800033569336,112.01000213623047,114.33000183105469,114.33000183105469,66958900
107.5999984741211,114.08000183105469,106.31999969482422,113.5,113.5,76583700
106.29000091552734,109.75,105.8499984741211,109.55999755859375,109.55999755859375,73021200
106.29000091552734,109.75,105.8499984741211,109.55999755859375,109.55999755859375,73021200
106.29000091552734,109.75,105.8499984741211,109.55999755859375,109.55999755859375,73021200
106.29000091552734,109.75,105.8499984741211,109.55999755859375,109.55999755859375,73021200
108.11000061035156,108.18000030517578,102.5199966430664,106.20999908447266,106.20999908447266,97679400
107.37999725341797,110.98999786376953,106.91000366210938,108.91999816894531,108.91999816894531,66375300
113.5,114.8499984741211,107.04000091552734,107.4000015258789,107.4000015258789,74942900
117.08999633789062,117.9800033569336,112.69999694824219,113.22000122070312,113.22000122070312,62133200
112.37999725341797,116.70999908447266,111.43000030517578,116.45999908447266,116.45999908447266,69867600
112.37999725341797,116.70999908447266,111.43000030517578,116.45999908447266,116.45999908447266,69867600
112.37999725341797,116.70999908447266,111.43000030517578,116.45999908447266,116.45999908447266,69867600
110.38999938964844,113.0,107.93000030517578,112.44000244140625,112.44000244140625,64345300
107.43000030517578,112.12999725341797,107.0199966430664,108.94999694824219,108.94999694824219,60040100
108.19999694824219,111.62999725341797,103.55999755859375,108.68000030517578,108.68000030517578,70901200
102.80000305175781,106.9800033569336,102.51000213623047,106.22000122070312,106.22000122070312,99772100
102.80000305175781,106.9800033569336,102.51000213623047,106.22000122070312,106.22000122070312,99772100
102.80000305175781,106.9800033569336,102.51000213623047,106.22000122070312,106.22000122070312,99772100
102.80000305175781,106.9800033569336,102.51000213623047,106.22000122070312,106.22000122070312,99772100
104.47000122070312,104.58000183105469,102.01000213623047,103.66000366210938,103.66000366210938,82186300
103.86000061035156,109.05999755859375,103.52999877929688,107.66999816894531,107.66999816894531,85011100
104.19000244140625,104.87999725341797,101.43000030517578,102.30999755859375,102.30999755859375,69728800
104.19000244140625,106.54000091552734,101.86000061035156,103.66999816894531,103.66999816894531,99277700
113.41999816894531,114.5,109.05000305175781,109.6500015258789,109.6500015258789,87266000
113.41999816894531,114.5,109.05000305175781,109.6500015258789,109.6500015258789,87266000
113.41999816894531,114.5,109.05000305175781,109.6500015258789,109.6500015258789,87266000
119.98999786376953,121.30000305175781,116.0999984741211,116.1500015258789,116.1500015258789,67029800
122.61000061035156,123.75,120.75,121.18000030517578,121.18000030517578,64926600
122.01000213623047,124.0999984741211,120.62999725341797,123.0,123.0,85156700
125.25,128.99000549316406,123.80999755859375,124.79000091552734,124.79000091552734,135269000
124.19999694824219,124.4000015258789,121.04650115966797,122.3499984741211,122.3499984741211,97604000
124.19999694824219,124.4000015258789,121.04650115966797,122.3499984741211,122.3499984741211,97604000
124.19999694824219,124.4000015258789,121.04650115966797,122.3499984741211,122.3499984741211,97604000
121.68399810791016,125.61000061035156,120.04499816894531,125.51100158691406,125.51100158691406,100560000
122.25599670410156,125.17900085449219,120.62249755859375,121.68399810791016,121.68399810791016,127528000
116.27999877929688,121.99449920654297,115.67500305175781,120.20950317382812,120.20950317382812,144634000
113.55000305175781,115.18699645996094,112.62799835205078,115.14649963378906,115.14649963378906,93660000
113.55000305175781,115.18699645996094,112.62799835205078,115.14649963378906,115.14649963378906,93660000
113.55000305175781,115.18699645996094,112.62799835205078,115.14649963378906,115.14649963378906,93660000
113.55000305175781,115.18699645996094,112.62799835205078,115.14649963378906,115.14649963378906,93660000
107.97000122070312,112.66549682617188,107.45349884033203,111.07749938964844,111.07749938964844,93002000
103.65550231933594,108.17500305175781,103.6500015258789,106.7750015258789,106.7750015258789,93120000
104.0250015258789,105.4000015258789,101.26000213623047,104.0999984741211,104.0999984741211,102934000
108.46099853515625,108.81900024414062,103.94999694824219,107.55699920654297,107.55699920654297,107798000
109.56849670410156,109.89800262451172,105.0094985961914,107.59100341796875,107.59100341796875,99500000
109.56849670410156,109.89800262451172,105.0094985961914,107.59100341796875,107.59100341796875,99500000
109.56849670410156,109.89800262451172,105.0094985961914,107.59100341796875,107.59100341796875,99500000
106.28050231933594,110.03399658203125,106.19300079345703,107.31900024414062,107.31900024414062,88142000
111.43949890136719,112.85299682617188,106.2490005493164,107.11250305175781,107.11250305175781,108380000
113.2750015258789,115.80000305175781,111.27649688720703,115.36849975585938,115.36849975585938,76448000
113.0999984741211,113.99250030517578,110.35399627685547,110.81050109863281,110.81050109863281,74566000
109.06900024414062,113.18399810791016,107.80000305175781,113.05500030517578,113.05500030517578,93684000
109.06900024414062,113.18399810791016,107.80000305175781,113.05500030517578,113.05500030517578,93684000
109.06900024414062,113.18399810791016,107.80000305175781,113.05500030517578,113.05500030517578,93684000
102.75,110.78050231933594,102.40550231933594,106.93049621582031,106.93049621582031,132026000
108.10350036621094,110.15599822998047,104.42849731445312,105.37200164794922,105.37200164794922,109704000
111.25,112.64250183105469,107.1709976196289,108.85900115966797,108.85900115966797,105434000
111.3125,114.0,107.95700073242188,108.78900146484375,108.78900146484375,128124000
114.8499984741211,119.05049896240234,113.08149719238281,114.77249908447266,114.77249908447266,124260000
114.8499984741211,119.05049896240234,113.08149719238281,114.77249908447266,114.77249908447266,124260000
114.8499984741211,119.05049896240234,113.08149719238281,114.77249908447266,114.77249908447266,124260000
123.0,123.4990005493164,115.07250213623047,116.40699768066406,116.40699768066406,144392000
123.5999984741211,126.0,119.18299865722656,125.92849731445312,125.92849731445312,110746000
124.05349731445312,126.22049713134766,122.82499694824219,124.25350189208984,124.25350189208984,79134000
122.4010009765625,124.66799926757812,118.375,124.5,124.5,148788000
129.8489990234375,130.76100158691406,121.625,124.28150177001953,124.28150177001953,272662000
129.8489990234375,130.76100158691406,121.625,124.28150177001953,124.28150177001953,272662000
129.8489990234375,130.76100158691406,121.625,124.28150177001953,124.28150177001953,272662000
142.17799377441406,145.9375,140.3000030517578,144.59649658203125,144.59649658203125,117316000
140.19149780273438,141.94850158691406,135.7834930419922,138.16700744628906,138.16700744628906,71336000
144.8000030517578,144.8560028076172,138.92950439453125,139.39100646972656,139.39100646972656,77530000
144.0229949951172,146.22149658203125,142.30650329589844,146.07400512695312,146.07400512695312,61874000
148.25,149.61500549316406,143.69749450683594,144.35000610351562,144.35000610351562,73078000
148.25,149.61500549316406,143.69749450683594,144.35000610351562,144.35000610351562,73078000
148.25,149.61500549316406,143.69749450683594,144.35000610351562,144.35000610351562,73078000
154.71400451660156,156.73800659179688,147.58949279785156,148.29600524902344,148.29600524902344,63970000
157.6024932861328,157.6024932861328,153.60350036621094,153.9980010986328,153.9980010986328,59630000
152.0294952392578,158.6490020751953,151.55050659179688,158.11549377441406,158.11549377441406,54926000
151.52349853515625,154.0395050048828,150.25050354003906,152.78500366210938,152.78500366210938,46514000
155.38999938964844,155.89700317382812,151.4720001220703,151.7064971923828,151.7064971923828,51598000
155.38999938964844,155.89700317382812,151.4720001220703,151.7064971923828,151.7064971923828,51598000
155.38999938964844,155.89700317382812,151.4720001220703,151.7064971923828,151.7064971923828,51598000
155.38999938964844,155.89700317382812,151.4720001220703,151.7064971923828,151.7064971923828,51598000
150.01849365234375,156.02499389648438,149.60000610351562,155.54100036621094,155.54100036621094,53390000
153.6925048828125,155.0989990234375,150.38299560546875,150.78750610351562,150.78750610351562,55178000
152.71299743652344,154.13650512695312,150.5345001220703,151.1219940185547,151.1219940185547,52112000
156.75,157.36849975585938,154.2310028076172,154.4604949951172,154.4604949951172,46002000
156.75,157.36849975585938,154.2310028076172,154.4604949951172,154.4604949951172,46002000
156.75,157.36849975585938,154.2310028076172,154.4604949951172,154.4604949951172,46002000
158.39999389648438,160.07899475097656,154.51150512695312,157.7845001220703,157.7845001220703,68136000
161.65049743652344,162.1999969482422,157.25450134277344,158.75599670410156,158.75599670410156,79056000
167.7415008544922,168.11050415039062,163.26600646972656,164.05499267578125,164.05499267578125,53728000
164.125,168.39450073242188,163.20550537109375,168.34649658203125,168.34649658203125,49882000
164.14950561523438,165.82699584960938,162.3195037841797,163.55999755859375,163.55999755859375,57090000
164.14950561523438,165.82699584960938,162.3195037841797,163.55999755859375,163.55999755859375,57090000
164.14950561523438,165.82699584960938,162.3195037841797,163.55999755859375,163.55999755859375,57090000
166.44500732421875,166.4949951171875,162.95350646972656,162.99749755859375,162.99749755859375,59966000
168.50950622558594,168.95050048828125,165.5,166.30099487304688,166.30099487304688,56168000
170.38400268554688,170.8314971923828,167.86849975585938,169.31500244140625,169.31500244140625,66154000
164.97500610351562,169.03750610351562,164.89999389648438,168.99049377441406,168.99049377441406,59854000
164.0,165.36849975585938,162.25,164.77349853515625,164.77349853515625,49032000
164.0,165.36849975585938,162.25,164.77349853515625,164.77349853515625,49032000
164.0,165.36849975585938,162.25,164.77349853515625,164.77349853515625,49032000
163.74949645996094,164.11849975585938,160.0500030517578,163.64950561523438,163.64950561523438,56798000
163.7050018310547,166.3699951171875,162.68699645996094,163.4080047607422,163.4080047607422,55812000
161.8054962158203,166.16700744628906,161.69900512695312,164.88900756835938,164.88900756835938,64086000
161.12100219726562,163.08399963378906,159.55299377441406,161.4915008544922,161.4915008544922,66538000
156.81300354003906,161.593994140625,156.01100158691406,161.25050354003906,161.25050354003906,102962000
156.81300354003906,161.593994140625,156.01100158691406,161.25050354003906,161.25050354003906,102962000
156.81300354003906,161.593994140625,156.01100158691406,161.25050354003906,161.25050354003906,102962000
152.6405029296875,157.49850463867188,152.13999938964844,157.23899841308594,157.23899841308594,72934000
148.5,153.14999389648438,147.35350036621094,153.10400390625,153.10400390625,84958000
142.85000610351562,147.98500061035156,142.0,147.3665008544922,147.3665008544922,75584000
145.9810028076172,147.4499969482422,140.88400268554688,141.85299682617188,141.85299682617188,74086000
149.57449340820312,149.6750030517578,145.36900329589844,145.52450561523438,145.52450561523438,68900000
149.57449340820312,149.6750030517578,145.36900329589844,145.52450561523438,145.52450561523438,68900000
149.57449340820312,149.6750030517578,145.36900329589844,145.52450561523438,145.52450561523438,68900000
145.68499755859375,148.67449951171875,143.97799682617188,146.8175048828125,146.8175048828125,135062000
139.5,140.25,136.8280029296875,139.2790069580078,139.2790069580078,82656000
136.68350219726562,140.69949340820312,133.57249450683594,136.01449584960938,136.01449584960938,91662000
145.44349670410156,146.09449768066406,137.41650390625,137.4530029296875,137.4530029296875,86934000
147.15899658203125,147.85000610351562,143.8070068359375,145.64100646972656,145.64100646972656,60934000
147.15899658203125,147.85000610351562,143.8070068359375,145.64100646972656,145.64100646972656,60934000
147.15899658203125,147.85000610351562,143.8070068359375,145.64100646972656,145.64100646972656,60934000
153.531494140625,153.9290008544922,146.8560028076172,147.89849853515625,147.89849853515625,65198000
150.8489990234375,152.99949645996094,148.75,152.05250549316406,152.05250549316406,47334000
152.7324981689453,154.0989990234375,149.9770050048828,151.14199829101562,151.14199829101562,44874000
152.4250030517578,154.4499969482422,150.85000610351562,153.56300354003906,153.56300354003906,57684000
150.5500030517578,153.99000549316406,149.2135009765625,153.7884979248047,153.7884979248047,62396000
150.5500030517578,153.99000549316406,149.2135009765625,153.7884979248047,153.7884979248047,62396000
150.5500030517578,153.99000549316406,149.2135009765625,153.7884979248047,153.7884979248047,62396000
139.83749389648438,151.74899291992188,139.5,151.35800170898438,151.35800170898438,100786000
151.65049743652344,151.76300048828125,144.6510009765625,144.82699584960938,144.82699584960938,64244000
150.47850036621094,152.9824981689453,148.48550415039062,150.19749450683594,150.19749450683594,66128000
155.49949645996094,155.49949645996094,150.89300537109375,152.60150146484375,152.60150146484375,63604000
155.49949645996094,155.49949645996094,150.89300537109375,152.60150146484375,152.60150146484375,63604000
155.49949645996094,155.49949645996094,150.89300537109375,152.60150146484375,152.60150146484375,63604000
155.49949645996094,155.49949645996094,150.89300537109375,152.60150146484375,152.60150146484375,63604000
158.14599609375,160.3489990234375,154.5,154.65249633789062,154.65249633789062,64032000
155.79049682617188,158.83399963378906,154.7344970703125,158.10049438476562,158.10049438476562,52704000
157.60549926757812,158.0070037841797,154.6374969482422,156.510498046875,156.510498046875,56440000
151.75100708007812,158.44850158691406,151.64999389648438,155.16700744628906,155.16700744628906,83230000
158.13450622558594,159.0,152.73399353027344,153.2935028076172,153.2935028076172,77100000
158.13450622558594,159.0,152.73399353027344,153.2935028076172,153.2935028076172,77100000
158.13450622558594,159.0,152.73399353027344,153.2935028076172,153.2935028076172,77100000
158.35000610351562,160.7165069580078,157.75,159.0034942626953,159.0034942626953,68268000
162.87350463867188,163.83450317382812,160.25,161.1894989013672,161.1894989013672,68786000
156.75050354003906,161.79249572753906,155.55050659179688,161.4134979248047,161.4134979248047,76040000
158.52000427246094,162.6909942626953,157.25,157.9355010986328,157.9355010986328,102624000
155.60650634765625,161.1999969482422,150.60800170898438,157.63949584960938,157.63949584960938,253456000
155.60650634765625,161.1999969482422,150.60800170898438,157.63949584960938,157.63949584960938,253456000
155.60650634765625,161.1999969482422,150.60800170898438,157.63949584960938,157.63949584960938,253456000
141.7375030517578,144.24749755859375,138.33299255371094,138.8455047607422,138.8455047607422,225532000
155.05050659179688,155.0749969482422,148.86349487304688,150.6125030517578,150.6125030517578,87330000
150.0,151.70799255371094,147.62750244140625,151.19349670410156,151.19349670410156,59220000
144.75,150.36050415039062,144.30050659179688,149.57350158691406,149.57350158691406,78308000
140.86050415039062,143.9980010986328,137.92950439453125,143.97799682617188,143.97799682617188,74392000
140.86050415039062,143.9980010986328,137.92950439453125,143.97799682617188,143.97799682617188,74392000
140.86050415039062,143.9980010986328,137.92950439453125,143.97799682617188,143.97799682617188,74392000
140.8000030517578,144.24349975585938,139.35000610351562,139.6374969482422,139.6374969482422,77516000
144.75,145.18499755859375,137.31849670410156,138.87249755859375,138.87249755859375,95602000
142.24249267578125,143.60000610351562,138.14500427246094,139.98599243164062,139.98599243164062,90824000
139.0,144.94500732421875,135.3520050048828,144.54400634765625,144.54400634765625,155624000
149.9499969482422,150.89999389648438,142.07049560546875,142.64300537109375,142.64300537109375,163972000
149.9499969482422,150.89999389648438,142.07049560546875,142.64300537109375,142.64300537109375,163972000
149.9499969482422,150.89999389648438,142.07049560546875,142.64300537109375,142.64300537109375,163972000
156.76600646972656,158.0,151.3509979248047,151.66749572753906,151.66749572753906,71974000
158.76199340820312,159.25,156.25,156.2989959716797,156.2989959716797,53242000
159.10499572753906,159.7344970703125,157.6645050048828,158.91749572753906,158.91749572753906,67292000
160.14999389648438,162.25,159.80050659179688,162.13800048828125,162.13800048828125,45974000
160.14999389648438,162.25,159.80050659179688,162.13800048828125,162.13800048828125,45974000
160.14999389648438,162.25,159.80050659179688,162.13800048828125,162.13800048828125,45974000
160.14999389648438,162.25,159.80050659179688,162.13800048828125,162.13800048828125,45974000
165.25050354003906,166.22149658203125,161.09100341796875,161.21400451660156,161.21400451660156,52188000
166.5749969482422,166.8780059814453,164.41700744628906,165.20700073242188,165.20700073242188,50030000
161.5,166.35000610351562,160.70150756835938,165.36199951171875,165.36199951171875,62806000
160.5854949951172,161.6614990234375,156.30450439453125,161.48599243164062,161.48599243164062,87798000
163.83900451660156,165.24349975585938,162.031005859375,162.5540008544922,162.5540008544922,46606000
163.83900451660156,165.24349975585938,162.031005859375,162.5540008544922,162.5540008544922,46606000
163.83900451660156,165.24349975585938,162.031005859375,162.5540008544922,162.5540008544922,46606000
163.45050048828125,164.8000030517578,161.93699645996094,163.25399780273438,163.25399780273438,51958000
166.88299560546875,167.12649536132812,164.35699462890625,164.35699462890625,164.35699462890625,64302000
170.43800354003906,171.39999389648438,166.34950256347656,167.52200317382812,167.52200317382812,70726000
167.5500030517578,170.70350646972656,166.16050720214844,170.4044952392578,170.4044952392578,63520000
168.95599365234375,169.35000610351562,166.55850219726562,166.7169952392578,166.7169952392578,47830000
168.95599365234375,169.35000610351562,166.55850219726562,166.7169952392578,166.7169952392578,47830000
168.95599365234375,169.35000610351562,166.55850219726562,166.7169952392578,166.7169952392578,47830000
169.6999969482422,170.88800048828125,168.5240020751953,168.64450073242188,168.64450073242188,37584000
170.83999633789062,171.21200561523438,168.60049438476562,169.2010040283203,169.2010040283203,35754000
170.1824951171875,172.17599487304688,169.135498046875,170.66099548339844,170.66099548339844,54638000
171.03700256347656,172.9429931640625,169.2154998779297,169.66949462890625,169.66949462890625,58688000
170.42799377441406,171.97500610351562,170.14999389648438,171.06849670410156,171.06849670410156,36788000
170.42799377441406,171.97500610351562,170.14999389648438,171.06849670410156,171.06849670410156,36788000
170.42799377441406,171.97500610351562,170.14999389648438,171.06849670410156,171.06849670410156,36788000
170.42799377441406,171.97500610351562,170.14999389648438,171.06849670410156,171.06849670410156,36788000
169.27000427246094,172.0500030517578,168.50050354003906,171.03700256347656,171.03700256347656,55036000
167.85049438476562,170.7165069580078,165.6475067138672,170.41700744628906,170.41700744628906,55956000
166.85000610351562,167.87449645996094,165.60000610351562,167.07899475097656,167.07899475097656,57372000
167.7104949951172,170.89849853515625,165.61349487304688,170.0175018310547,170.0175018310547,85542000
167.7104949951172,170.89849853515625,165.61349487304688,170.0175018310547,170.0175018310547,85542000
167.7104949951172,170.89849853515625,165.61349487304688,170.0175018310547,170.0175018310547,85542000
173.36849975585938,174.16600036621094,168.16050720214844,168.87100219726562,168.87100219726562,60876000
168.59800720214844,173.60000610351562,165.19500732421875,173.31500244140625,173.31500244140625,75794000
167.5500030517578,169.49899291992188,166.44000244140625,169.0915069580078,169.0915069580078,55976000
172.0,172.10000610351562,169.1300048828125,169.5675048828125,169.5675048828125,62170000
175.41700744628906,175.927001953125,170.5,172.21200561523438,172.21200561523438,60690000
175.41700744628906,175.927001953125,170.5,172.21200561523438,172.21200561523438,60690000
175.41700744628906,175.927001953125,170.5,172.21200561523438,172.21200561523438,60690000
175.75,176.96949768066406,174.13949584960938,174.17100524902344,174.17100524902344,46062000
176.15049743652344,177.17999267578125,174.75050354003906,176.1580047607422,176.1580047607422,45254000
174.60000610351562,177.49949645996094,173.33450317382812,176.1645050048828,176.1645050048828,66410000
169.64999389648438,173.69549560546875,166.9344940185547,171.36849975585938,171.36849975585938,68860000
172.75,173.49349975585938,166.92999267578125,169.489501953125,169.489501953125,80712000
172.75,173.49349975585938,166.92999267578125,169.489501953125,169.489501953125,80712000
172.75,173.49349975585938,166.92999267578125,169.489501953125,169.489501953125,80712000
173.0,174.63499450683594,171.1875,171.8679962158203,171.8679962158203,64726000
177.25,177.99400329589844,172.0800018310547,172.18600463867188,172.18600463867188,74916000
178.1750030517578,179.2884979248047,174.60049438476562,175.35350036621094,175.35350036621094,80022000
177.3820037841797,179.8000030517578,176.5749969482422,178.07850646972656,178.07850646972656,65312000
180.10499572753906,181.6750030517578,175.20750427246094,175.22799682617188,175.22799682617188,59826000
180.10499572753906,181.6750030517578,175.20750427246094,175.22799682617188,175.22799682617188,59826000
180.10499572753906,181.6750030517578,175.20750427246094,175.22799682617188,175.22799682617188,59826000
178.1334991455078,180.6820068359375,176.84249877929688,179.02049255371094,179.02049255371094,46560000
178.1334991455078,180.6820068359375,176.84249877929688,179.02049255371094,179.02049255371094,46560000
179.2519989013672,181.05250549316406,176.385498046875,179.0019989013672,179.0019989013672,73804000
183.81900024414062,185.67300415039062,178.375,178.6284942626953,178.6284942626953,96844000
185.63450622558594,188.1074981689453,183.78599548339844,183.82850646972656,183.82850646972656,98734000
185.63450622558594,188.1074981689453,183.78599548339844,183.82850646972656,183.82850646972656,98734000
185.63450622558594,188.1074981689453,183.78599548339844,183.82850646972656,183.82850646972656,98734000
178.3175048828125,185.2100067138672,178.0500030517578,184.80299377441406,184.80299377441406,114070000
178.23599243164062,179.3625030517578,177.2675018310547,177.4499969482422,177.4499969482422,51206000
176.9499969482422,178.8249969482422,176.25750732421875,177.03500366210938,177.03500366210938,44342000
176.85000610351562,179.69400024414062,176.29049682617188,177.28399658203125,177.28399658203125,58594000
174.25,177.0364990234375,172.3524932861328,176.25750732421875,176.25750732421875,53788000
174.25,177.0364990234375,172.3524932861328,176.25750732421875,176.25750732421875,53788000
174.25,177.0364990234375,172.3524932861328,176.25750732421875,176.25750732421875,53788000
175.64999389648438,177.16200256347656,173.37350463867188,173.625,173.625,45288000
178.19349670410156,180.2725067138672,173.1544952392578,174.1024932861328,174.1024932861328,80548000
175.7624969482422,179.68850708007812,175.07150268554688,178.81149291992188,178.81149291992188,85898000
176.16200256347656,178.9499969482422,174.39300537109375,174.44900512695312,174.44900512695312,61480000
173.85000610351562,178.3125,173.8489990234375,175.94949340820312,175.94949340820312,99940000
173.85000610351562,178.3125,173.8489990234375,175.94949340820312,175.94949340820312,99940000
173.85000610351562,178.3125,173.8489990234375,175.94949340820312,175.94949340820312,99940000
168.5,174.93150329589844,168.25,173.85000610351562,173.85000610351562,107060000
165.4499969482422,169.74600219726562,164.87600708007812,169.1999969482422,169.1999969482422,67944000
165.75050354003906,166.55599975585938,164.17750549316406,165.6374969482422,165.6374969482422,52552000
168.08999633789062,168.79299926757812,164.6009979248047,165.90550231933594,165.90550231933594,72178000
165.00100708007812,168.74099731445312,163.66600036621094,168.6215057373047,168.6215057373047,129722000
165.00100708007812,168.74099731445312,163.66600036621094,168.6215057373047,168.6215057373047,129722000
165.00100708007812,168.74099731445312,163.66600036621094,168.6215057373047,168.6215057373047,129722000
170.10499572753906,173.9499969482422,169.3000030517578,172.32850646972656,172.32850646972656,114174000
169.39999389648438,171.85000610351562,168.57249450683594,169.62449645996094,169.62449645996094,54044000
167.47549438476562,170.80599975585938,167.19900512695312,168.80349731445312,168.80349731445312,53966000
166.75,167.38999938964844,164.88499450683594,166.01849365234375,166.01849365234375,44520000
171.0500030517578,171.49200439453125,166.56500244140625,166.77749633789062,166.77749633789062,62782000
171.0500030517578,171.49200439453125,166.56500244140625,166.77749633789062,166.77749633789062,62782000
171.0500030517578,171.49200439453125,166.56500244140625,166.77749633789062,166.77749633789062,62782000
170.71249389648438,172.01400756835938,170.14999389648438,171.75050354003906,171.75050354003906,37628000
172.63299560546875,173.14300537109375,170.01849365234375,170.7530059814453,170.7530059814453,42796000
171.71449279785156,172.7344970703125,171.10000610351562,172.20750427246094,172.20750427246094,47722000
169.41799926757812,172.45849609375,169.2550048828125,172.33700561523438,172.33700561523438,63482000
165.5709991455078,170.52099609375,165.1999969482422,170.4510040283203,170.4510040283203,103598000
165.5709991455078,170.52099609375,165.1999969482422,170.4510040283203,170.4510040283203,103598000
165.5709991455078,170.52099609375,165.1999969482422,170.4510040283203,170.4510040283203,103598000
165.12249755859375,165.6300048828125,164.53900146484375,164.9929962158203,164.9929962158203,42190000
163.48550415039062,164.41900634765625,163.05450439453125,164.21400451660156,164.21400451660156,48402000
162.85000610351562,163.37649536132812,161.81399536132812,162.3665008544922,162.3665008544922,36392000
163.75,164.62950134277344,161.90499877929688,162.31500244140625,162.31500244140625,40684000
165.85000610351562,166.07150268554688,164.41000366210938,164.43099975585938,164.43099975585938,39964000
165.85000610351562,166.07150268554688,164.41000366210938,164.43099975585938,164.43099975585938,39964000
165.85000610351562,166.07150268554688,164.41000366210938,164.43099975585938,164.43099975585938,39964000
164.57699584960938,166.28750610351562,164.1529998779297,165.1215057373047,165.1215057373047,48182000
160.67649841308594,163.2169952392578,159.93099975585938,163.10049438476562,163.10049438476562,50660000
160.22500610351562,163.0364990234375,160.1230010986328,161.0500030517578,161.0500030517578,65384000
163.96949768066406,163.99949645996094,158.8125,159.48899841308594,159.48899841308594,90462000
164.45050048828125,165.45849609375,162.7969970703125,164.16299438476562,164.16299438476562,56712000
164.45050048828125,165.45849609375,162.7969970703125,164.16299438476562,164.16299438476562,56712000
164.45050048828125,165.45849609375,162.7969970703125,164.16299438476562,164.16299438476562,56712000
165.8000030517578,166.3925018310547,163.69949340820312,164.2519989013672,164.2519989013672,56848000
166.10549926757812,167.56500244140625,164.89349365234375,165.05599975585938,165.05599975585938,51246000
167.885498046875,168.45950317382812,164.5050048828125,165.79800415039062,165.79800415039062,88616000
168.5749969482422,170.77850341796875,166.98049926757812,170.2899932861328,170.2899932861328,72690000
170.10049438476562,171.46299743652344,169.6699981689453,171.2760009765625,171.2760009765625,42324000
170.10049438476562,171.46299743652344,169.6699981689453,171.2760009765625,171.2760009765625,42324000
170.10049438476562,171.46299743652344,169.6699981689453,171.2760009765625,171.2760009765625,42324000
169.00250244140625,171.447998046875,169.00250244140625,170.8000030517578,170.8000030517578,47588000
167.5500030517578,169.4499969482422,167.05250549316406,169.00250244140625,169.00250244140625,48228000
168.75,168.98500061035156,166.6195068359375,167.18150329589844,167.18150329589844,55618000
169.8000030517578,170.9499969482422,165.25050354003906,167.7864990234375,167.7864990234375,93382000
174.42050170898438,174.87049865722656,172.60650634765625,173.12600708007812,173.12600708007812,92332000
174.42050170898438,174.87049865722656,172.60650634765625,173.12600708007812,173.12600708007812,92332000
174.42050170898438,174.87049865722656,172.60650634765625,173.12600708007812,173.12600708007812,92332000
172.9980010986328,174.62750244140625,172.3070068359375,174.41200256347656,174.41200256347656,51672000
172.12600708007812,174.27099609375,170.10049438476562,173.7895050048828,173.7895050048828,59150000
173.77749633789062,174.3404998779297,171.885498046875,172.5,172.5,38738000
174.13999938964844,174.8979949951172,171.89999389648438,172.85850524902344,172.85850524902344,51380000
175.0915069580078,175.42250061035156,173.14549255371094,173.45750427246094,173.45750427246094,47946000
175.0915069580078,175.42250061035156,173.14549255371094,173.45750427246094,173.45750427246094,47946000
175.0915069580078,175.42250061035156,173.14549255371094,173.45750427246094,173.45750427246094,47946000
176.30099487304688,177.49949645996094,174.01849365234375,174.20799255371094,174.20799255371094,54384000
175.58250427246094,177.281494140625,174.7834930419922,176.27499389648438,176.27499389648438,61068000
173.89999389648438,176.4044952392578,173.8470001220703,175.46449279785156,175.46449279785156,54758000
172.60000610351562,174.1334991455078,171.82200622558594,173.90249633789062,173.90249633789062,51514000
172.60000610351562,174.1334991455078,171.82200622558594,173.90249633789062,173.90249633789062,51514000
172.60000610351562,174.1334991455078,171.82200622558594,173.90249633789062,173.90249633789062,51514000
172.60000610351562,174.1334991455078,171.82200622558594,173.90249633789062,173.90249633789062,51514000
174.73800659179688,175.59800720214844,172.75,173.156005859375,173.156005859375,58474000
174.82000732421875,176.35000610351562,173.76199340820312,173.9499969482422,173.9499969482422,72598000
171.24000549316406,173.62899780273438,169.7794952392578,173.5395050048828,173.5395050048828,87128000
167.8715057373047,172.25,167.76100158691406,171.07850646972656,171.07850646972656,63844000
166.6614990234375,167.61599731445312,165.6875,167.48150634765625,167.48150634765625,48048000
166.6614990234375,167.61599731445312,165.6875,167.48150634765625,167.48150634765625,48048000
166.6614990234375,167.61599731445312,165.6875,167.48150634765625,167.48150634765625,48048000
164.9499969482422,166.60000610351562,164.8000030517578,165.8000030517578,165.8000030517578,41976000
165.49349975585938,166.0500030517578,164.3074951171875,164.95899963378906,164.95899963378906,33606000
164.0,165.77450561523438,163.72900390625,165.28900146484375,165.28900146484375,51036000
160.59500122070312,164.0449981689453,160.50050354003906,163.2935028076172,163.2935028076172,65362000
160.19349670410156,160.3905029296875,158.78799438476562,159.99749755859375,159.99749755859375,67168000
160.19349670410156,160.3905029296875,158.78799438476562,159.99749755859375,159.99749755859375,67168000
160.19349670410156,160.3905029296875,158.78799438476562,159.99749755859375,159.99749755859375,67168000
159.7010040283203,161.64999389648438,159.1230010986328,159.3874969482422,159.3874969482422,75658000
162.09950256347656,162.7050018310547,160.0,160.06100463867188,160.06100463867188,56086000
163.875,164.02450561523438,161.28399658203125,162.09800720214844,162.09800720214844,67758000
164.14999389648438,165.0,160.55650329589844,164.94949340820312,164.94949340820312,66394000
165.2834930419922,165.30349731445312,164.14999389648438,164.69850158691406,164.69850158691406,41134000
165.2834930419922,165.30349731445312,164.14999389648438,164.69850158691406,164.69850158691406,41134000
165.2834930419922,165.30349731445312,164.14999389648438,164.69850158691406,164.69850158691406,41134000
164.5,165.72549438476562,163.48350524902344,165.1750030517578,165.1750030517578,46282000
166.57249450683594,166.88499450683594,163.88949584960938,164.60549926757812,164.60549926757812,58944000
167.25050354003906,167.89999389648438,165.75,166.03399658203125,166.03399658203125,48252000
167.1804962158203,167.74400329589844,166.42599487304688,167.093505859375,167.093505859375,42964000
168.75,168.75,166.45199584960938,167.2469940185547,167.2469940185547,52752000
168.75,168.75,166.45199584960938,167.2469940185547,167.2469940185547,52752000
168.75,168.75,166.45199584960938,167.2469940185547,167.2469940185547,52752000
167.81100463867188,169.4499969482422,167.04600524902344,168.79949951171875,168.79949951171875,48670000
168.96749877929688,169.44400024414062,167.2779998779297,167.73599243164062,167.73599243164062,43678000
167.03599548339844,169.5500030517578,164.98849487304688,168.31199645996094,168.31199645996094,83146000
167.65499877929688,167.9459991455078,165.85000610351562,166.57400512695312,166.57400512695312,67078000
167.3975067138672,168.40699768066406,165.3489990234375,166.37950134277344,166.37950134277344,199312000
167.3975067138672,168.40699768066406,165.3489990234375,166.37950134277344,166.37950134277344,199312000
167.3975067138672,168.40699768066406,165.3489990234375,166.37950134277344,166.37950134277344,199312000
181.3874969482422,181.8975067138672,179.00050354003906,179.99600219726562,179.99600219726562,110400000
181.68899536132812,182.92100524902344,180.0500030517578,181.51600646972656,181.51600646972656,59988000
184.9250030517578,184.9250030517578,179.3074951171875,181.3195037841797,181.3195037841797,82638000
183.6584930419922,185.60400390625,182.3625030517578,184.99099731445312,184.99099731445312,58002000
182.0,183.3054962158203,181.1020050048828,182.83200073242188,182.83200073242188,48726000
182.0,183.3054962158203,181.1020050048828,182.83200073242188,182.83200073242188,48726000
182.0,183.3054962158203,181.1020050048828,182.83200073242188,182.83200073242188,48726000
179.3614959716797,182.00100708007812,179.11349487304688,181.90150451660156,181.90150451660156,65308000
178.81900024414062,179.32249450683594,177.1820068359375,179.25999450683594,179.25999450683594,46380000
178.36599731445312,179.60000610351562,175.89999389648438,178.6595001220703,178.6595001220703,65114000
176.62899780273438,177.510498046875,174.95799255371094,177.47950744628906,177.47950744628906,75692000
181.66549682617188,182.30299377441406,178.5229949951172,178.68150329589844,178.68150329589844,80874000
181.66549682617188,182.30299377441406,178.5229949951172,178.68150329589844,178.68150329589844,80874000
181.66549682617188,182.30299377441406,178.5229949951172,178.68150329589844,178.68150329589844,80874000
184.7100067138672,184.77000427246094,181.04600524902344,181.55999755859375,181.55999755859375,63706000
185.4425048828125,185.88299560546875,183.04150390625,184.08399963378906,184.08399963378906,65932000
185.10499572753906,188.6540069580078,183.5659942626953,183.8679962158203,183.8679962158203,76918000
187.1999969482422,187.864501953125,184.83949279785156,185.92750549316406,185.92750549316406,51432000
186.12600708007812,187.39999389648438,184.6699981689453,185.9669952392578,185.9669952392578,74964000
186.12600708007812,187.39999389648438,184.6699981689453,185.9669952392578,185.9669952392578,74964000
186.12600708007812,187.39999389648438,184.6699981689453,185.9669952392578,185.9669952392578,74964000
182.17799377441406,187.99949645996094,181.05599975585938,186.57049560546875,186.57049560546875,103612000
185.86900329589844,186.7100067138672,183.94549560546875,184.82899475097656,184.82899475097656,106562000
176.5054931640625,184.2740020751953,176.4499969482422,183.78700256347656,183.78700256347656,134896000
172.58200073242188,175.58599853515625,171.8459930419922,175.5489959716797,175.5489959716797,63388000
172.58200073242188,175.58599853515625,171.8459930419922,175.5489959716797,175.5489959716797,63388000
172.58200073242188,175.58599853515625,171.8459930419922,175.5489959716797,175.5489959716797,63388000
172.58200073242188,175.58599853515625,171.8459930419922,175.5489959716797,175.5489959716797,63388000
171.73049926757812,172.85000610351562,170.4709930419922,171.64849853515625,171.64849853515625,40742000
172.05299377441406,173.5800018310547,171.75,172.00799560546875,172.00799560546875,48080000
171.9409942626953,172.80149841308594,171.15150451660156,172.40699768066406,172.40699768066406,41968000
170.8000030517578,172.39999389648438,170.67550659179688,172.1945037841797,172.1945037841797,44856000
173.1999969482422,173.24099731445312,169.70899963378906,170.072998046875,170.072998046875,78820000
173.1999969482422,173.24099731445312,169.70899963378906,170.072998046875,170.072998046875,78820000
173.1999969482422,173.24099731445312,169.70899963378906,170.072998046875,170.072998046875,78820000
175.3820037841797,176.2429962158203,171.54249572753906,172.45399475097656,172.45399475097656,76640000
175.25,176.0500030517578,174.16000366210938,175.1909942626953,175.1909942626953,56266000
172.9029998779297,176.18899536132812,172.80450439453125,175.27200317382812,175.27200317382812,66902000
173.8209991455078,174.10000610351562,171.6999969482422,172.697998046875,172.697998046875,65542000
173.99949645996094,175.35000610351562,173.6855010986328,174.34500122070312,174.34500122070312,104954000
173.99949645996094,175.35000610351562,173.6855010986328,174.34500122070312,174.34500122070312,104954000
173.99949645996094,175.35000610351562,173.6855010986328,174.34500122070312,174.34500122070312,104954000
170.15899658203125,174.86000061035156,170.0500030517578,174.46200561523438,174.46200561523438,102730000
169.60000610351562,171.3175048828125,168.02650451660156,170.7624969482422,170.7624969482422,84056000
169.1999969482422,169.84950256347656,168.15550231933594,169.156494140625,169.156494140625,48524000
167.3415069580078,169.25,166.77499389648438,169.19349670410156,169.19349670410156,51394000
167.4824981689453,168.32899475097656,166.67250061035156,167.3415069580078,167.3415069580078,56348000
167.4824981689453,168.32899475097656,166.67250061035156,167.3415069580078,167.3415069580078,56348000
167.4824981689453,168.32899475097656,166.67250061035156,167.3415069580078,167.3415069580078,56348000
164.10049438476562,167.5500030517578,164.0574951171875,167.4824981689453,167.4824981689453,69530000
163.64349365234375,164.87899780273438,163.53500366210938,164.0574951171875,164.0574951171875,49110000
161.1304931640625,163.97650146484375,160.90049743652344,163.20550537109375,163.20550537109375,68334000
159.8665008544922,160.39999389648438,158.61000061035156,159.90049743652344,159.90049743652344,44316000
160.60000610351562,161.0500030517578,159.9405059814453,160.31100463867188,160.31100463867188,44994000
160.60000610351562,161.0500030517578,159.9405059814453,160.31100463867188,160.31100463867188,44994000
160.60000610351562,161.0500030517578,159.9405059814453,160.31100463867188,160.31100463867188,44994000
160.2115020751953,160.7220001220703,159.20150756835938,159.35049438476562,159.35049438476562,47966000
161.15499877929688,161.75,160.39999389648438,161.69949340820312,161.69949340820312,40290000
162.1750030517578,162.5489959716797,160.4530029296875,160.9324951171875,160.9324951171875,48600000
162.10000610351562,162.39950561523438,160.98500061035156,161.15350341796875,161.15350341796875,46596000
162.10000610351562,162.39950561523438,160.98500061035156,161.15350341796875,161.15350341796875,46596000
162.10000610351562,162.39950561523438,160.98500061035156,161.15350341796875,161.15350341796875,46596000
162.10000610351562,162.39950561523438,160.98500061035156,161.15350341796875,161.15350341796875,46596000
162.8000030517578,163.01800537109375,161.5019989013672,161.5054931640625,161.5054931640625,51224000
163.72950744628906,164.7864990234375,162.92550659179688,163.25799560546875,163.25799560546875,47680000
163.33349609375,163.99099731445312,160.68800354003906,162.95249938964844,162.95249938964844,65222000
160.77499389648438,162.8975067138672,160.52499389648438,162.24949645996094,162.24949645996094,48456000
162.5,162.83450317382812,159.85049438476562,160.1540069580078,160.1540069580078,82098000
162.5,162.83450317382812,159.85049438476562,160.1540069580078,160.1540069580078,82098000
162.5,162.83450317382812,159.85049438476562,160.1540069580078,160.1540069580078,82098000
162.22000122070312,162.98399353027344,161.8090057373047,162.38400268554688,162.38400268554688,52664000
159.75,161.7375030517578,159.1999969482422,161.58999633789062,161.58999633789062,53594000
164.62899780273438,165.60000610351562,161.51849365234375,161.61399841308594,161.61399841308594,56568000
162.29649353027344,164.6374969482422,161.72950744628906,163.51950073242188,163.51950073242188,74478000
159.2779998779297,161.4429931640625,159.14999389648438,161.14500427246094,161.14500427246094,66500000
159.2779998779297,161.4429931640625,159.14999389648438,161.14500427246094,161.14500427246094,66500000
159.2779998779297,161.4429931640625,159.14999389648438,161.14500427246094,161.14500427246094,66500000
159.27349853515625,160.19200134277344,156.64999389648438,158.07350158691406,158.07350158691406,67018000
159.25,160.39700317382812,156.65499877929688,157.5970001220703,157.5970001220703,98728000
156.81399536132812,161.89999389648438,156.36849975585938,161.19549560546875,161.19549560546875,92396000
164.11599731445312,164.14999389648438,159.5,159.52450561523438,159.52450561523438,116772000
165.95449829101562,166.54449462890625,164.45350646972656,164.58050537109375,164.58050537109375,94206000
165.95449829101562,166.54449462890625,164.45350646972656,164.58050537109375,164.58050537109375,94206000
165.95449829101562,166.54449462890625,164.45350646972656,164.58050537109375,164.58050537109375,94206000
163.5,165.72000122070312,162.36000061035156,165.31849670410156,165.31849670410156,88954000
166.9429931640625,167.73500061035156,163.21800231933594,163.52699279785156,163.52699279785156,74226000
167.8094940185547,168.3990020751953,163.60650634765625,165.593505859375,165.593505859375,108788000
174.2364959716797,174.33250427246094,168.63499450683594,169.32449340820312,169.32449340820312,117510000
176.25599670410156,177.6999969482422,173.125,173.37100219726562,173.37100219726562,140186000
176.25599670410156,177.6999969482422,173.125,173.37100219726562,173.37100219726562,140186000
176.25599670410156,177.6999969482422,173.125,173.37100219726562,173.37100219726562,140186000
175.2550048828125,175.72250366210938,171.75,173.5655059814453,173.5655059814453,153648000
171.74000549316406,174.49400329589844,171.25,172.9250030517578,172.9250030517578,92638000
172.17349243164062,173.0,169.90049743652344,170.8715057373047,170.8715057373047,76542000
167.39999389648438,171.42250061035156,166.5469970703125,170.4499969482422,170.4499969482422,97614000
165.9550018310547,168.75,165.4250030517578,167.04400634765625,167.04400634765625,63856000
165.9550018310547,168.75,165.4250030517578,167.04400634765625,167.04400634765625,63856000
165.9550018310547,168.75,165.4250030517578,167.04400634765625,167.04400634765625,63856000
168.58399963378906,168.64349365234375,165.07249450683594,165.45199584960938,165.45199584960938,51612000
165.8000030517578,168.14300537109375,165.1905059814453,168.1009979248047,168.1009979248047,44224000
168.67999267578125,169.14950561523438,165.8000030517578,166.7344970703125,166.7344970703125,52460000
169.51649475097656,171.79649353027344,168.00799560546875,168.60049438476562,168.60049438476562,54508000
169.0,170.33999633789062,167.7794952392578,169.9720001220703,169.9720001220703,63720000
169.0,170.33999633789062,167.7794952392578,169.9720001220703,169.9720001220703,63720000
169.0,170.33999633789062,167.7794952392578,169.9720001220703,169.9720001220703,63720000
168.5500030517578,169.85000610351562,167.60000610351562,168.95449829101562,168.95449829101562,64672000
170.20199584960938,170.2064971923828,166.3000030517578,166.64999389648438,166.64999389648438,62904000
170.04249572753906,171.60000610351562,169.781494140625,170.0,170.0,66316000
167.760498046875,169.7519989013672,167.5574951171875,168.96949768066406,168.96949768066406,65636000
165.23500061035156,168.61000061035156,164.44500732421875,168.61000061035156,168.61000061035156,86830000
165.23500061035156,168.61000061035156,164.44500732421875,168.61000061035156,168.61000061035156,86830000
165.23500061035156,168.61000061035156,164.44500732421875,168.61000061035156,168.61000061035156,86830000
165.5449981689453,166.22500610351562,164.60000610351562,164.96499633789062,164.96499633789062,56242000
161.69000244140625,165.1804962158203,161.1824951171875,163.96949768066406,163.96949768066406,66924000
161.1875,162.36549377441406,160.8520050048828,161.1909942626953,161.1909942626953,50756000
158.64999389648438,161.79800415039062,158.06199645996094,161.3365020751953,161.3365020751953,66698000
155.89700317382812,158.1219940185547,155.77749633789062,158.0500030517578,158.0500030517578,58806000
155.89700317382812,158.1219940185547,155.77749633789062,158.0500030517578,158.0500030517578,58806000
155.89700317382812,158.1219940185547,155.77749633789062,158.0500030517578,158.0500030517578,58806000
155.89700317382812,158.1219940185547,155.77749633789062,158.0500030517578,158.0500030517578,58806000
153.2030029296875,155.9665069580078,153.125,154.70399475097656,154.70399475097656,61878000
153.50050354003906,153.64999389648438,151.6999969482422,152.76449584960938,152.76449584960938,46752000
152.77200317382812,154.5625,151.42250061035156,153.7864990234375,153.7864990234375,54920000
152.2030029296875,152.83299255371094,149.8000030517578,152.60150146484375,152.60150146484375,66258000
152.2030029296875,152.83299255371094,149.8000030517578,152.60150146484375,152.60150146484375,66258000
152.2030029296875,152.83299255371094,149.8000030517578,152.60150146484375,152.60150146484375,66258000
153.64950561523438,155.48899841308594,151.85699462890625,152.31300354003906,152.31300354003906,71270000
157.552001953125,158.0155029296875,154.25750732421875,154.35350036621094,154.35350036621094,59180000
156.35000610351562,159.10000610351562,156.04249572753906,156.875,156.875,76346000
153.3925018310547,156.32899475097656,153.00250244140625,155.5435028076172,155.5435028076172,58044000
151.4615020751953,153.864501953125,150.8314971923828,153.7480010986328,153.7480010986328,92508000
151.4615020751953,153.864501953125,150.8314971923828,153.7480010986328,153.7480010986328,92508000
151.4615020751953,153.864501953125,150.8314971923828,153.7480010986328,153.7480010986328,92508000
155.0500030517578,155.8314971923828,151.25,151.39950561523438,151.39950561523438,72992000
153.66099548339844,158.65249633789062,153.51100158691406,156.7864990234375,156.7864990234375,62372000
155.24850463867188,156.44549560546875,153.79299926757812,154.59300231933594,154.59300231933594,50776000
153.72850036621094,154.11199951171875,151.60450744628906,154.08399963378906,154.08399963378906,58272000
153.75,154.94900512695312,152.27499389648438,154.47450256347656,154.47450256347656,48438000
153.75,154.94900512695312,152.27499389648438,154.47450256347656,154.47450256347656,48438000
153.75,154.94900512695312,152.27499389648438,154.47450256347656,154.47450256347656,48438000
155.20050048828125,156.58900451660156,154.14649963378906,155.67950439453125,155.67950439453125,55528000
154.92250061035156,155.822998046875,151.50250244140625,152.8820037841797,152.8820037841797,60250000
150.89950561523438,154.54800415039062,150.25750732421875,153.1425018310547,153.1425018310547,80600000
150.75,153.22950744628906,147.5655059814453,147.59750366210938,147.59750366210938,83700000
150.25,150.4499969482422,144.0500030517578,150.0229949951172,150.0229949951172,107772000
150.25,150.4499969482422,144.0500030517578,150.0229949951172,150.0229949951172,107772000
150.25,150.4499969482422,144.0500030517578,150.0229949951172,150.0229949951172,107772000
150.60000610351562,152.906494140625,147.27149963378906,148.8784942626953,148.8784942626953,109632000
154.0590057373047,155.38900756835938,149.75,150.25,150.25,79774000
157.17349243164062,158.17599487304688,154.3560028076172,154.72650146484375,154.72650146484375,51916000
156.39450073242188,157.47799682617188,154.89950561523438,157.3070068359375,157.3070068359375,54582000
154.75999450683594,156.1219940185547,151.8350067138672,154.64649963378906,154.64649963378906,85518000
154.75999450683594,156.1219940185547,151.8350067138672,154.64649963378906,154.64649963378906,85518000
154.75999450683594,156.1219940185547,151.8350067138672,154.64649963378906,154.64649963378906,85518000
156.83700561523438,158.91299438476562,152.38800048828125,152.85800170898438,152.85800170898438,90676000
158.33749389648438,158.56149291992188,156.2689971923828,157.97650146484375,157.97650146484375,60226000
156.35150146484375,160.2364959716797,154.67999267578125,159.72500610351562,159.72500610351562,93544000
160.406494140625,161.61599731445312,158.61300659179688,159.03700256347656,159.03700256347656,70314000
166.4114990234375,166.6750030517578,162.28750610351562,162.4949951171875,162.4949951171875,86104000
166.4114990234375,166.6750030517578,162.28750610351562,162.4949951171875,162.4949951171875,86104000
166.4114990234375,166.6750030517578,162.28750610351562,162.4949951171875,162.4949951171875,86104000
164.12100219726562,166.89999389648438,163.69700622558594,166.4114990234375,166.4114990234375,60548000
163.17999267578125,166.04550170898438,162.97500610351562,165.4320068359375,165.4320068359375,65950000
162.70249938964844,165.4149932861328,162.67950439453125,163.44749450683594,163.44749450683594,51494000
162.5,164.0124969482422,161.66549682617188,163.885498046875,163.885498046875,46706000
162.5,164.0124969482422,161.66549682617188,163.885498046875,163.885498046875,46706000
162.5,164.0124969482422,161.66549682617188,163.885498046875,163.885498046875,46706000
162.5,164.0124969482422,161.66549682617188,163.885498046875,163.885498046875,46706000
164.60000610351562,164.60000610351562,162.4029998779297,163.10650634765625,163.10650634765625,46028000
165.6999969482422,165.8975067138672,162.6999969482422,164.32899475097656,164.32899475097656,63032000
165.62449645996094,166.89999389648438,164.89199829101562,165.25,165.25,44070000
167.9250030517578,168.25,165.1999969482422,166.14700317382812,166.14700317382812,65148000
165.9499969482422,168.85000610351562,165.135498046875,167.6074981689453,167.6074981689453,72416000
165.9499969482422,168.85000610351562,165.135498046875,167.6074981689453,167.6074981689453,72416000
165.9499969482422,168.85000610351562,165.135498046875,167.6074981689453,167.6074981689453,72416000
166.5,167.35000610351562,163.8874969482422,166.5500030517578,166.5500030517578,73414000
171.25050354003906,171.6999969482422,165.43099975585938,165.62649536132812,165.62649536132812,141776000
169.0,171.38699340820312,168.05650329589844,169.0,169.0,141972000
162.1179962158203,167.51300048828125,161.75149536132812,167.1439971923828,167.1439971923828,83204000
161.5,161.84950256347656,159.2274932861328,160.30999755859375,160.30999755859375,85872000
161.5,161.84950256347656,159.2274932861328,160.30999755859375,160.30999755859375,85872000
161.5,161.84950256347656,159.2274932861328,160.30999755859375,160.30999755859375,85872000
161.7519989013672,165.08399963378906,161.4344940185547,161.88099670410156,161.88099670410156,62984000
167.07449340820312,167.3260040283203,160.35400390625,161.62899780273438,161.62899780273438,93204000
164.8179931640625,166.89999389648438,164.14349365234375,166.30650329589844,166.30650329589844,59104000
166.4250030517578,168.1945037841797,162.15750122070312,164.6999969482422,164.6999969482422,74996000
165.2154998779297,166.0955047607422,164.1580047607422,164.6114959716797,164.6114959716797,56438000
165.2154998779297,166.0955047607422,164.1580047607422,164.6114959716797,164.6114959716797,56438000
165.2154998779297,166.0955047607422,164.1580047607422,164.6114959716797,164.6114959716797,56438000
164.64999389648438,167.42750549316406,164.47850036621094,165.34950256347656,165.34950256347656,98722000
159.09950256347656,163.99000549316406,158.75,163.16900634765625,163.16900634765625,106196000
155.35000610351562,157.25,154.8000030517578,156.03799438476562,156.03799438476562,66102000
156.1510009765625,157.12750244140625,154.7584991455078,155.21249389648438,155.21249389648438,84880000
156.1510009765625,157.12750244140625,154.7584991455078,155.21249389648438,155.21249389648438,84880000
156.1510009765625,157.12750244140625,154.7584991455078,155.21249389648438,155.21249389648438,84880000
156.1510009765625,157.12750244140625,154.7584991455078,155.21249389648438,155.21249389648438,84880000
158.37600708007812,158.89999389648438,156.0294952392578,156.37350463867188,156.37350463867188,61418000
156.4219970703125,159.49749755859375,156.10400390625,158.29449462890625,158.29449462890625,66424000
156.0,157.10699462890625,154.3000030517578,156.04150390625,156.04150390625,70292000
157.40049743652344,157.81900024414062,155.5,155.7104949951172,155.7104949951172,73668000
159.0,159.53199768066406,157.11000061035156,159.13499450683594,159.13499450683594,70754000
159.0,159.53199768066406,157.11000061035156,159.13499450683594,159.13499450683594,70754000
159.0,159.53199768066406,157.11000061035156,159.13499450683594,159.13499450683594,70754000
157.85000610351562,160.427001953125,157.75,158.10800170898438,158.10800170898438,70290000
157.32400512695312,159.87550354003906,156.55799865722656,156.91900634765625,156.91900634765625,87896000
158.30050659179688,161.16900634765625,158.2530059814453,160.92550659179688,160.92550659179688,53110000
163.5,163.60000610351562,157.2010040283203,159.3314971923828,159.3314971923828,88228000
163.75,164.14599609375,162.05999755859375,162.84649658203125,162.84649658203125,59144000
163.75,164.14599609375,162.05999755859375,162.84649658203125,162.84649658203125,59144000
163.75,164.14599609375,162.05999755859375,162.84649658203125,162.84649658203125,59144000
163.75,164.14599609375,162.05999755859375,162.84649658203125,162.84649658203125,59144000
167.0500030517578,167.10499572753906,164.12350463867188,164.29249572753906,164.29249572753906,64186000
165.4969940185547,167.53250122070312,164.06100463867188,166.10000610351562,166.10000610351562,97458000
159.6999969482422,165.1999969482422,158.63450622558594,164.197998046875,164.197998046875,113736000
159.69500732421875,160.10000610351562,158.4499969482422,158.63450622558594,158.63450622558594,29038000
159.69500732421875,160.10000610351562,158.4499969482422,158.63450622558594,158.63450622558594,29038000
159.69500732421875,160.10000610351562,158.4499969482422,158.63450622558594,158.63450622558594,29038000
159.69500732421875,160.10000610351562,158.4499969482422,158.63450622558594,158.63450622558594,29038000
160.25,160.50650024414062,159.20849609375,159.2635040283203,159.2635040283203,41876000
160.14199829101562,161.10000610351562,159.00399780273438,160.3260040283203,160.3260040283203,47388000
160.00050354003906,161.34849548339844,158.3000030517578,160.3090057373047,160.3090057373047,76736000
162.19949340820312,162.4709930419922,158.5800018310547,160.08250427246094,160.08250427246094,119914000
162.19949340820312,162.4709930419922,158.5800018310547,160.08250427246094,160.08250427246094,119914000
162.19949340820312,162.4709930419922,158.5800018310547,160.08250427246094,160.08250427246094,119914000
162.5,163.17550659179688,161.0500030517578,161.8040008544922,161.8040008544922,69486000
158.80050659179688,162.35000610351562,158.1840057373047,162.04800415039062,162.04800415039062,88552000
159.05050659179688,159.4250030517578,156.52450561523438,158.25599670410156,158.25599670410156,66390000
157.14999389648438,159.52349853515625,156.3000030517578,157.84849548339844,157.84849548339844,83116000
154.83299255371094,155.93350219726562,153.64100646972656,155.8209991455078,155.8209991455078,61294000
154.83299255371094,155.93350219726562,153.64100646972656,155.8209991455078,155.8209991455078,61294000
154.83299255371094,155.93350219726562,153.64100646972656,155.8209991455078,155.8209991455078,61294000
154.44949340820312,157.10499572753906,153.8000030517578,155.07449340820312,155.07449340820312,60604000
158.39450073242188,158.72149658203125,154.39999389648438,155.2100067138672,155.2100067138672,82016000
157.94500732421875,159.2064971923828,156.00100708007812,158.864501953125,158.864501953125,65726000
157.82400512695312,159.03799438476562,157.08450317382812,157.89999389648438,157.89999389648438,55026000
159.91050720214844,159.91050720214844,157.93800354003906,158.12899780273438,158.12899780273438,58272000
159.91050720214844,159.91050720214844,157.93800354003906,158.12899780273438,158.12899780273438,58272000
159.91050720214844,159.91050720214844,157.93800354003906,158.12899780273438,158.12899780273438,58272000
160.2729949951172,161.4320068359375,159.0655059814453,159.3365020751953,159.3365020751953,57840000
161.08250427246094,161.60000610351562,158.66299438476562,160.17649841308594,160.17649841308594,62586000
159.4250030517578,162.44749450683594,157.85899353027344,161.00399780273438,161.00399780273438,90740000
160.4239959716797,161.41949462890625,156.27749633789062,158.40199279785156,158.40199279785156,81278000
160.56300354003906,160.8094940185547,159.50250244140625,159.76699829101562,159.76699829101562,47858000
160.56300354003906,160.8094940185547,159.50250244140625,159.76699829101562,159.76699829101562,47858000
160.56300354003906,160.8094940185547,159.50250244140625,159.76699829101562,159.76699829101562,47858000
157.093505859375,159.89999389648438,157.01300048828125,159.2534942626953,159.2534942626953,75808000
157.093505859375,159.89999389648438,157.01300048828125,159.2534942626953,159.2534942626953,75808000
155.02499389648438,156.71249389648438,154.31300354003906,155.9029998779297,155.9029998779297,72042000
155.8350067138672,156.9875030517578,153.2729949951172,154.91949462890625,154.91949462890625,94178000
155.8509979248047,156.64450073242188,154.90249633789062,154.97000122070312,154.97000122070312,67488000
155.8509979248047,156.64450073242188,154.90249633789062,154.97000122070312,154.97000122070312,67488000
155.8509979248047,156.64450073242188,154.90249633789062,154.97000122070312,154.97000122070312,67488000
155.2655029296875,156.25,154.04600524902344,155.8509979248047,155.8509979248047,60206000
156.6999969482422,157.0,155.2550048828125,155.2729949951172,155.2729949951172,58336000
159.177001953125,159.46249389648438,156.76300048828125,156.7830047607422,156.7830047607422,68894000
154.66000366210938,157.13499450683594,153.63450622558594,156.55299377441406,156.55299377441406,76174000
156.10000610351562,157.08599853515625,154.26950073242188,156.4405059814453,156.4405059814453,75124000
156.10000610351562,157.08599853515625,154.26950073242188,156.4405059814453,156.4405059814453,75124000
156.10000610351562,157.08599853515625,154.26950073242188,156.4405059814453,156.4405059814453,75124000
157.99749755859375,158.79400634765625,154.30250549316406,155.51400756835938,155.51400756835938,87240000
153.08900451660156,156.95750427246094,152.5,156.8695068359375,156.8695068359375,87338000
154.75100708007812,155.6999969482422,150.9739990234375,151.75100708007812,151.75100708007812,131820000
161.55149841308594,164.4499969482422,155.60549926757812,157.18699645996094,157.18699645996094,143808000
165.23199462890625,166.10000610351562,161.60000610351562,165.56849670410156,165.56849670410156,92946000
165.23199462890625,166.10000610351562,161.60000610351562,165.56849670410156,165.56849670410156,92946000
165.23199462890625,166.10000610351562,161.60000610351562,165.56849670410156,165.56849670410156,92946000
165.99850463867188,168.33999633789062,164.44400024414062,166.10000610351562,166.10000610351562,115786000
157.99949645996094,162.24249267578125,156.9864959716797,162.05799865722656,162.05799865722656,136780000
150.92649841308594,153.7449951171875,149.0489959716797,152.42050170898438,152.42050170898438,97958000
153.08700561523438,153.98550415039062,147.50599670410156,150.2239990234375,150.2239990234375,145148000
157.8874969482422,158.35000610351562,150.9499969482422,151.8074951171875,151.8074951171875,167728000
157.8874969482422,158.35000610351562,150.9499969482422,151.8074951171875,151.8074951171875,167728000
157.8874969482422,158.35000610351562,150.9499969482422,151.8074951171875,151.8074951171875,167728000
160.06350708007812,162.8625030517578,158.1999969482422,160.55050659179688,160.55050659179688,131930000
162.46499633789062,163.2010040283203,158.12350463867188,158.13900756835938,158.13900756835938,111766000
161.2469940185547,164.58299255371094,160.56500244140625,164.31649780273438,164.31649780273438,85820000
159.93699645996094,164.1490020751953,157.6649932861328,160.3520050048828,160.3520050048828,118024000
159.5500030517578,160.26649475097656,157.0,160.22000122070312,160.22000122070312,69334000
159.5500030517578,160.26649475097656,157.0,160.22000122070312,160.22000122070312,69334000
159.5500030517578,160.26649475097656,157.0,160.22000122070312,160.22000122070312,69334000
159.49349975585938,159.9375,156.0970001220703,158.82000732421875,158.82000732421875,84240000
160.625,161.69400024414062,158.0,159.2469940185547,159.2469940185547,91854000
161.11399841308594,163.3000030517578,159.60049438476562,160.85049438476562,160.85049438476562,90194000
164.98049926757812,166.4499969482422,159.63699340820312,160.36050415039062,160.36050415039062,104472000
168.1614990234375,169.98300170898438,158.0,163.635498046875,163.635498046875,129488000
168.1614990234375,169.98300170898438,158.0,163.635498046875,163.635498046875,129488000
168.1614990234375,169.98300170898438,158.0,163.635498046875,163.635498046875,129488000
164.60049438476562,167.79400634765625,164.0,166.9324951171875,166.9324951171875,104468000
172.35000610351562,173.24400329589844,167.0,168.1855010986328,168.1855010986328,116254000
173.39950561523438,174.61900329589844,171.21099853515625,172.18150329589844,172.18150329589844,114894000
167.4969940185547,174.81199645996094,166.9774932861328,172.14649963378906,172.14649963378906,167284000
160.5,164.44949340820312,159.89149475097656,164.33250427246094,164.33250427246094,98158000
160.5,164.44949340820312,159.89149475097656,164.33250427246094,164.33250427246094,98158000
160.5,164.44949340820312,159.89149475097656,164.33250427246094,164.33250427246094,98158000
161.24949645996094,161.6645050048828,158.74949645996094,159.52749633789062,159.52749633789062,63482000
156.75,160.0,156.6195068359375,159.7845001220703,159.7845001220703,86188000
158.25,159.10000610351562,154.5,154.9980010986328,154.9980010986328,101738000
157.29200744628906,160.12649536132812,157.04249572753906,159.9600067138672,159.9600067138672,75506000
157.68150329589844,159.7899932861328,156.14999389648438,156.25,156.25,112262000
157.68150329589844,159.7899932861328,156.14999389648438,156.25,156.25,112262000
157.68150329589844,159.7899932861328,156.14999389648438,156.25,156.25,112262000
160.39999389648438,161.1999969482422,158.60000610351562,161.06300354003906,161.06300354003906,99438000
157.0570068359375,160.6439971923828,156.69949340820312,157.43649291992188,157.43649291992188,97922000
158.76950073242188,159.41299438476562,156.6269989013672,157.24400329589844,157.24400329589844,69916000
157.4425048828125,158.7519989013672,155.85850524902344,158.70249938964844,158.70249938964844,84484000
152.7429962158203,155.07699584960938,149.9499969482422,154.75650024414062,154.75650024414062,92304000
152.7429962158203,155.07699584960938,149.9499969482422,154.75650024414062,154.75650024414062,92304000
152.7429962158203,155.07699584960938,149.9499969482422,154.75650024414062,154.75650024414062,92304000
148.88949584960938,153.46499633789062,148.25,150.989501953125,150.989501953125,110588000
156.02149963378906,156.35000610351562,149.61900329589844,149.9929962158203,149.9929962158203,113054000
151.69200134277344,156.69949340820312,150.00999450683594,156.44949340820312,156.44949340820312,138976000
145.3249969482422,148.10000610351562,143.5500030517578,148.02349853515625,148.02349853515625,122358000
151.58700561523438,151.88999938964844,145.27699279785156,147.74549865722656,147.74549865722656,177852000
151.58700561523438,151.88999938964844,145.27699279785156,147.74549865722656,147.74549865722656,177852000
151.58700561523438,151.88999938964844,145.27699279785156,147.74549865722656,147.74549865722656,177852000
150.46249389648438,151.47149658203125,148.62750244140625,150.43649291992188,150.43649291992188,128982000
158.99949645996094,159.36199951171875,153.70750427246094,153.90499877929688,153.90499877929688,90244000
156.80799865722656,158.75100708007812,155.4459991455078,157.80650329589844,157.80650329589844,80430000
158.64700317382812,159.3695068359375,154.8000030517578,155.14849853515625,155.14849853515625,90592000
160.4344940185547,160.86700439453125,154.19900512695312,155.81100463867188,155.81100463867188,101880000
160.4344940185547,160.86700439453125,154.19900512695312,155.81100463867188,155.81100463867188,101880000
160.4344940185547,160.86700439453125,154.19900512695312,155.81100463867188,155.81100463867188,101880000
165.36099243164062,167.4945068359375,158.52749633789062,158.7554931640625,158.7554931640625,106614000
160.14950561523438,165.15899658203125,159.25,163.4304962158203,163.4304962158203,103774000
157.1999969482422,162.54249572753906,156.5,157.49200439453125,157.49200439453125,121884000
165.89999389648438,169.0749969482422,155.55650329589844,164.7310028076172,164.7310028076172,175636000
165.89999389648438,169.0749969482422,155.55650329589844,164.7310028076172,164.7310028076172,175636000
165.89999389648438,169.0749969482422,155.55650329589844,164.7310028076172,164.7310028076172,175636000
165.89999389648438,169.0749969482422,155.55650329589844,164.7310028076172,164.7310028076172,175636000
174.25,174.42050170898438,165.14999389648438,168.39999389648438,168.39999389648438,163222000
177.35000610351562,177.6125030517578,174.33450317382812,176.57249450683594,176.57249450683594,78630000
174.47900390625,175.69349670410156,173.35000610351562,174.95599365234375,174.95599365234375,68644000
170.44949340820312,174.75,170.25,172.54800415039062,172.54800415039062,83718000
171.14999389648438,171.6685028076172,169.3249969482422,170.08999633789062,170.08999633789062,57940000
171.14999389648438,171.6685028076172,169.3249969482422,170.08999633789062,170.08999633789062,57940000
171.14999389648438,171.6685028076172,169.3249969482422,170.08999633789062,170.08999633789062,57940000
172.50250244140625,172.64999389648438,168.89999389648438,170.0,170.0,85296000
167.5554962158203,172.58700561523438,167.22850036621094,172.09249877929688,172.09249877929688,130174000
164.74949645996094,167.8699951171875,163.35000610351562,167.32449340820312,167.32449340820312,79856000
165.50750732421875,169.01600646972656,162.8780059814453,165.3730010986328,165.3730010986328,93326000
164.75,165.72000122070312,163.76950073242188,164.23599243164062,164.23599243164062,71518000
164.75,165.72000122070312,163.76950073242188,164.23599243164062,164.23599243164062,71518000
164.75,165.72000122070312,163.76950073242188,164.23599243164062,164.23599243164062,71518000
162.60000610351562,165.63099670410156,161.89999389648438,164.86849975585938,164.86849975585938,66650000
165.15049743652344,165.7949981689453,162.8000030517578,163.0240020751953,163.0240020751953,83702000
160.60000610351562,166.0,160.29100036621094,165.62449645996094,165.62449645996094,106920000
158.656005859375,159.74850463867188,157.70899963378906,159.12049865722656,159.12049865722656,53824000
158.90899658203125,158.91200256347656,156.0,157.4010009765625,157.4010009765625,55034000
158.90899658203125,158.91200256347656,156.0,157.4010009765625,157.4010009765625,55034000
158.90899658203125,158.91200256347656,156.0,157.4010009765625,157.4010009765625,55034000
159.14950561523438,160.87600708007812,157.75,158.05099487304688,158.05099487304688,62980000
155.39999389648438,158.71949768066406,155.0709991455078,158.11199951171875,158.11199951171875,70442000
155.66000366210938,157.96099853515625,153.64999389648438,154.0334930419922,154.0334930419922,74362000
158.5155029296875,158.62550354003906,155.0760040283203,157.4080047607422,157.4080047607422,63346000
161.20050048828125,162.04049682617188,157.0334930419922,158.3730010986328,158.3730010986328,78722000
161.20050048828125,162.04049682617188,157.0334930419922,158.3730010986328,158.3730010986328,78722000
161.20050048828125,162.04049682617188,157.0334930419922,158.3730010986328,158.3730010986328,78722000
159.71800231933594,162.37350463867188,158.27149963378906,161.25,161.25,78812000
157.18850708007812,160.67950439453125,156.36500549316406,160.25149536132812,160.25149536132812,78330000
155.0605010986328,158.36199951171875,155.0605010986328,156.94149780273438,156.94149780273438,93886000
159.02549743652344,159.1999969482422,155.1999969482422,155.59449768066406,155.59449768066406,101494000
162.1999969482422,162.34100341796875,157.5500030517578,158.23399353027344,158.23399353027344,161710000
162.1999969482422,162.34100341796875,157.5500030517578,158.23399353027344,158.23399353027344,161710000
162.1999969482422,162.34100341796875,157.5500030517578,158.23399353027344,158.23399353027344,161710000
150.6999969482422,154.60000610351562,150.25,152.593994140625,152.593994140625,122566000
151.54949951171875,151.95799255371094,149.8385009765625,151.67649841308594,151.67649841308594,59482000
152.7135009765625,153.85450744628906,149.78799438476562,150.01649475097656,150.01649475097656,62534000
153.10000610351562,154.89999389648438,150.7884979248047,152.760498046875,152.760498046875,83410000
146.5,151.57899475097656,144.39999389648438,150.44549560546875,150.44549560546875,112648000
146.5,151.57899475097656,144.39999389648438,150.44549560546875,150.44549560546875,112648000
146.5,151.57899475097656,144.39999389648438,150.44549560546875,150.44549560546875,112648000
154.9134979248047,154.9134979248047,148.5,149.32749938964844,149.32749938964844,113138000
156.25,157.5,153.26300048828125,154.99549865722656,154.99549865722656,82084000
161.62449645996094,162.0290069580078,155.28599548339844,156.9145050048828,156.9145050048828,122426000
150.00999450683594,160.0679931640625,149.7010040283203,159.8419952392578,159.8419952392578,151964000
150.4499969482422,151.1999969482422,147.42250061035156,148.09849548339844,148.09849548339844,95226000
150.4499969482422,151.1999969482422,147.42250061035156,148.09849548339844,148.09849548339844,95226000
150.4499969482422,151.1999969482422,147.42250061035156,148.09849548339844,148.09849548339844,95226000
148.55299377441406,151.60000610351562,145.9114990234375,149.9949951171875,149.9949951171875,127884000
154.01150512695312,154.91749572753906,148.65899658203125,150.44349670410156,150.44349670410156,115778000
154.4499969482422,156.36900329589844,147.5,154.1999969482422,154.1999969482422,144638000
162.55299377441406,167.21449279785156,153.41949462890625,155.1999969482422,155.1999969482422,154408000
159.58799743652344,160.75,156.78500366210938,160.0,160.0,109720000
159.58799743652344,160.75,156.78500366210938,160.0,160.0,109720000
159.58799743652344,160.75,156.78500366210938,160.0,160.0,109720000
155.79949951171875,159.69400024414062,153.6999969482422,159.13150024414062,159.13150024414062,127774000
151.1304931640625,154.19850158691406,150.6215057373047,154.0554962158203,154.0554962158203,100752000
152.92750549316406,153.4774932861328,149.5,150.00599670410156,150.00599670410156,105150000
146.74850463867188,152.99400329589844,146.5,152.8520050048828,152.8520050048828,137612000
145.60049438476562,147.7779998779297,143.55499267578125,144.51499938964844,144.51499938964844,131868000
145.60049438476562,147.7779998779297,143.55499267578125,144.51499938964844,144.51499938964844,131868000
145.60049438476562,147.7779998779297,143.55499267578125,144.51499938964844,144.51499938964844,131868000
145.60049438476562,147.7779998779297,143.55499267578125,144.51499938964844,144.51499938964844,131868000
137.89950561523438,144.75,137.6999969482422,143.93499755859375,143.93499755859375,127268000
134.2534942626953,138.48150634765625,133.75149536132812,137.9409942626953,137.9409942626953,75394000
134.50050354003906,134.83999633789062,131.50399780273438,134.0189971923828,134.0189971923828,84468000
138.7530059814453,139.1284942626953,134.39999389648438,134.64349365234375,134.64349365234375,130016000
138.7530059814453,139.1284942626953,134.39999389648438,134.64349365234375,134.64349365234375,130016000
138.7530059814453,139.1284942626953,134.39999389648438,134.64349365234375,134.64349365234375,130016000
136.9774932861328,137.81149291992188,135.60699462890625,137.72900390625,137.72900390625,59374000
139.0,139.8000030517578,136.0500030517578,136.72000122070312,136.72000122070312,90532000
136.30099487304688,139.15550231933594,135.90199279785156,138.2205047607422,138.2205047607422,84634000
134.22500610351562,135.75,133.4499969482422,135.6909942626953,135.6909942626953,64176000
133.9040069580078,134.8715057373047,132.9499969482422,133.75050354003906,133.75050354003906,115540000
133.9040069580078,134.8715057373047,132.9499969482422,133.75050354003906,133.75050354003906,115540000
133.9040069580078,134.8715057373047,132.9499969482422,133.75050354003906,133.75050354003906,115540000
132.35049438476562,132.98199462890625,131.8054962158203,132.69900512695312,132.69900512695312,49756000
132.375,132.75,131.59100341796875,132.0489959716797,132.0489959716797,59186000
131.0,131.0,128.8000030517578,130.7635040283203,130.7635040283203,71712000
126.33000183105469,129.1999969482422,125.4000015258789,128.63400268554688,128.63400268554688,77302000
130.0605010986328,131.07400512695312,125.1675033569336,127.2509994506836,127.2509994506836,108722000
130.0605010986328,131.07400512695312,125.1675033569336,127.2509994506836,127.2509994506836,108722000
130.0605010986328,131.07400512695312,125.1675033569336,127.2509994506836,127.2509994506836,108722000
130.1750030517578,133.56900024414062,126.8115005493164,127.89800262451172,127.89800262451172,116002000
132.25,136.11749267578125,131.31300354003906,132.37249755859375,132.37249755859375,98920000
126.47200012207031,131.32150268554688,126.25,130.04299926757812,130.04299926757812,103520000
125.01000213623047,126.5,124.36699676513672,126.2030029296875,126.2030029296875,79414000
122.22550201416016,124.43250274658203,121.85649871826172,124.1500015258789,124.1500015258789,66128000
122.22550201416016,124.43250274658203,121.85649871826172,124.1500015258789,124.1500015258789,66128000
122.22550201416016,124.43250274658203,121.85649871826172,124.1500015258789,124.1500015258789,66128000
123.87149810791016,125.37699890136719,122.50050354003906,123.02999877929688,123.02999877929688,58974000
123.40049743652344,124.4000015258789,123.05850219726562,123.91999816894531,123.91999816894531,53420000
123.3499984741211,123.67649841308594,122.2655029296875,123.62049865722656,123.62049865722656,50598000
122.4000015258789,123.84649658203125,122.20850372314453,123.552001953125,123.552001953125,58578000
120.7969970703125,122.11849975585938,119.91000366210938,122.11849975585938,122.11849975585938,70198000
120.7969970703125,122.11849975585938,119.91000366210938,122.11849975585938,122.11849975585938,70198000
120.7969970703125,122.11849975585938,119.91000366210938,122.11849975585938,122.11849975585938,70198000
119.21649932861328,121.84850311279297,118.9114990234375,120.05500030517578,120.05500030517578,63804000
120.24949645996094,120.67900085449219,116.5,120.51950073242188,120.51950073242188,101138000
122.9000015258789,123.0999984741211,120.7030029296875,121.09300231933594,121.09300231933594,71364000
122.75050354003906,123.49250030517578,121.50650024414062,121.84400177001953,121.84400177001953,57342000
122.75050354003906,123.49250030517578,121.50650024414062,121.84400177001953,121.84400177001953,57342000
122.75050354003906,123.49250030517578,121.50650024414062,121.84400177001953,121.84400177001953,57342000
122.75050354003906,123.49250030517578,121.50650024414062,121.84400177001953,121.84400177001953,57342000
125.0,126.27249908447266,122.12699890136719,122.33699798583984,122.33699798583984,102288000
123.89350128173828,125.00050354003906,123.3635025024414,124.89700317382812,124.89700317382812,79962000
121.49150085449219,124.25,121.44850158691406,122.46649932861328,122.46649932861328,86410000
120.21749877929688,121.6500015258789,119.20050048828125,121.31300354003906,121.31300354003906,87144000
118.4260025024414,120.55000305175781,117.81849670410156,120.48899841308594,120.48899841308594,84700000
118.4260025024414,120.55000305175781,117.81849670410156,120.48899841308594,120.48899841308594,84700000
118.4260025024414,120.55000305175781,117.81849670410156,120.48899841308594,120.48899841308594,84700000
118.05049896240234,119.56849670410156,117.6604995727539,119.44249725341797,119.44249725341797,72962000
118.33999633789062,120.38500213623047,116.88999938964844,118.39600372314453,118.39600372314453,95658000
120.59249877929688,120.94999694824219,117.75,117.84750366210938,117.84750366210938,61498000
118.73500061035156,120.9834976196289,118.60549926757812,120.44999694824219,120.44999694824219,65184000
118.60700225830078,119.36199951171875,117.8499984741211,118.98049926757812,118.98049926757812,64132000
118.60700225830078,119.36199951171875,117.8499984741211,118.98049926757812,118.98049926757812,64132000
118.60700225830078,119.36199951171875,117.8499984741211,118.98049926757812,118.98049926757812,64132000
118.73899841308594,118.80000305175781,117.15550231933594,118.38050079345703,118.38050079345703,67928000
116.47200012207031,117.87249755859375,116.0,117.56300354003906,117.56300354003906,62356000
117.0,117.55000305175781,115.35649871826172,115.88999938964844,115.88999938964844,64850000
112.81900024414062,116.3489990234375,112.81900024414062,115.79949951171875,115.79949951171875,97318000
116.83999633789062,118.12200164794922,112.90950012207031,114.302001953125,114.302001953125,195452000
116.83999633789062,118.12200164794922,112.90950012207031,114.302001953125,114.302001953125,195452000
116.83999633789062,118.12200164794922,112.90950012207031,114.302001953125,114.302001953125,195452000
120.99199676513672,123.75,119.80049896240234,123.69999694824219,123.69999694824219,190692000
116.50050354003906,119.59449768066406,115.5,118.635498046875,118.635498046875,91832000
118.6050033569336,118.67500305175781,115.30000305175781,115.7040023803711,115.7040023803711,105388000
122.16000366210938,122.24400329589844,118.1500015258789,118.80000305175781,118.80000305175781,112912000
120.8499984741211,121.02149963378906,119.0999984741211,120.51100158691406,120.51100158691406,76498000
120.8499984741211,121.02149963378906,119.0999984741211,120.51100158691406,120.51100158691406,76498000
120.8499984741211,121.02149963378906,119.0999984741211,120.51100158691406,120.51100158691406,76498000
119.9990005493164,121.21099853515625,119.10399627685547,119.97250366210938,119.97250366210938,101332000
118.44999694824219,119.69999694824219,117.55000305175781,118.17449951171875,118.17449951171875,84244000
120.83049774169922,121.41549682617188,113.98300170898438,116.40599822998047,116.40599822998047,149534000
119.49749755859375,122.2490005493164,119.30249786376953,119.68049621582031,119.68049621582031,115414000
118.61650085449219,120.0,115.8010025024414,118.75,118.75,158600000
118.61650085449219,120.0,115.8010025024414,118.75,118.75,158600000
118.61650085449219,120.0,115.8010025024414,118.75,118.75,158600000
117.30000305175781,123.05000305175781,116.75,120.40950012207031,120.40950012207031,240764000
112.88400268554688,116.66850280761719,112.25,115.38400268554688,115.38400268554688,137332000
110.02349853515625,114.5999984741211,109.31050109863281,114.16600036621094,114.16600036621094,161744000
102.0,109.0,101.9000015258789,108.44349670410156,108.44349670410156,134334000
102.21499633789062,102.6500015258789,100.88300323486328,102.13800048828125,102.13800048828125,92930000
102.21499633789062,102.6500015258789,100.88300323486328,102.13800048828125,102.13800048828125,92930000
102.21499633789062,102.6500015258789,100.88300323486328,102.13800048828125,102.13800048828125,92930000
102.21499633789062,102.6500015258789,100.88300323486328,102.13800048828125,102.13800048828125,92930000
101.05000305175781,102.19999694824219,100.55750274658203,102.1500015258789,102.1500015258789,79546000
100.85549926757812,101.78600311279297,99.88099670410156,100.58000183105469,100.58000183105469,102280000
96.80000305175781,99.9260025024414,96.5009994506836,99.87950134277344,99.87950134277344,115464000
95.55750274658203,96.31649780273438,94.4574966430664,95.32949829101562,95.32949829101562,72198000
95.55750274658203,96.31649780273438,94.4574966430664,95.32949829101562,95.32949829101562,72198000
95.55750274658203,96.31649780273438,94.4574966430664,95.32949829101562,95.32949829101562,72198000
95.08200073242188,96.37650299072266,94.5,95.94149780273438,95.94149780273438,86720000
96.64849853515625,97.24800109863281,94.6500015258789,95.38500213623047,95.38500213623047,82438000
98.21749877929688,99.6510009765625,97.20050048828125,97.48600006103516,97.48600006103516,102472000
96.1415023803711,98.68150329589844,95.61699676513672,98.19750213623047,98.19750213623047,122522000
96.54299926757812,96.989501953125,94.99600219726562,95.00499725341797,95.00499725341797,107758000
96.54299926757812,96.989501953125,94.99600219726562,95.00499725341797,95.00499725341797,107758000
96.54299926757812,96.989501953125,94.99600219726562,95.00499725341797,95.00499725341797,107758000
95.0999984741211,97.82450103759766,94.4645004272461,97.77449798583984,97.77449798583984,124426000
96.03450012207031,97.51300048828125,94.28900146484375,94.29199981689453,94.29199981689453,129582000
97.57499694824219,97.75,95.01699829101562,97.00499725341797,97.00499725341797,142942000
91.38749694824219,95.97000122070312,90.5999984741211,95.1415023803711,95.1415023803711,156170000
96.31549835205078,97.8499984741211,91.0364990234375,92.30449676513672,92.30449676513672,196358000
96.31549835205078,97.8499984741211,91.0364990234375,92.30449676513672,92.30449676513672,196358000
96.31549835205078,97.8499984741211,91.0364990234375,92.30449676513672,92.30449676513672,196358000
93.0,97.25,91.63249969482422,94.04650115966797,94.04650115966797,207998000
87.5,92.08300018310547,87.25,91.5,91.5,192904000
88.77349853515625,92.88899993896484,84.46199798583984,90.39199829101562,90.39199829101562,218342000
82.07550048828125,87.97250366210938,81.30149841308594,84.4574966430664,84.4574966430664,178346000
87.75,89.31549835205078,84.03099822998047,89.25,89.25,176194000
87.75,89.31549835205078,84.03099822998047,89.25,89.25,176194000
87.75,89.31549835205078,84.03099822998047,89.25,89.25,176194000
86.0989990234375,88.25,83.75,83.83049774169922,83.83049774169922,226924000
92.89250183105469,93.56600189208984,90.07499694824219,91.04299926757812,91.04299926757812,112496000
93.54399871826172,94.7135009765625,90.90850067138672,94.59100341796875,94.59100341796875,142666000
88.69300079345703,93.13849639892578,88.06449890136719,90.03050231933594,90.03050231933594,156264000
93.75,95.54350280761719,93.4749984741211,95.05449676513672,95.05449676513672,105472000
93.75,95.54350280761719,93.4749984741211,95.05449676513672,95.05449676513672,105472000
93.75,95.54350280761719,93.4749984741211,95.05449676513672,95.05449676513672,105472000
96.6500015258789,98.03600311279297,95.5,96.20149993896484,96.20149993896484,94964000
97.32849884033203,98.9000015258789,96.0999984741211,98.79149627685547,98.79149627685547,95458000
98.76850128173828,99.81649780273438,94.40450286865234,95.44950103759766,95.44950103759766,150690000
95.32450103759766,97.72550201416016,93.5,97.69750213623047,97.69750213623047,135234000
90.73149871826172,94.48799896240234,90.55650329589844,94.1875,94.1875,189620000
90.73149871826172,94.48799896240234,90.55650329589844,94.1875,94.1875,189620000
90.73149871826172,94.48799896240234,90.55650329589844,94.1875,94.1875,189620000
96.71900177001953,98.75,94.13800048828125,94.21499633789062,94.21499633789062,162880000
98.51399993896484,100.7334976196289,98.02249908447266,98.97949981689453,98.97949981689453,104492000
101.32099914550781,101.7300033569336,97.9209976196289,98.63700103759766,98.63700103759766,124382000
100.15899658203125,101.96499633789062,99.39849853515625,100.4645004272461,100.4645004272461,130940000
107.10749816894531,107.22750091552734,104.4000015258789,104.79850006103516,104.79850006103516,92926000
107.10749816894531,107.22750091552734,104.4000015258789,104.79850006103516,104.79850006103516,92926000
107.10749816894531,107.22750091552734,104.4000015258789,104.79850006103516,104.79850006103516,92926000
108.65350341796875,108.8395004272461,106.37249755859375,107.65499877929688,107.65499877929688,62626000
108.38999938964844,109.25499725341797,108.05599975585938,108.51100158691406,108.51100158691406,51224000
106.2509994506836,108.30349731445312,106.20549774169922,107.78350067138672,107.78350067138672,58912000
107.78399658203125,107.9520034790039,106.29450225830078,106.74349975585938,106.74349975585938,52124000
107.78399658203125,107.9520034790039,106.29450225830078,106.74349975585938,106.74349975585938,52124000
107.78399658203125,107.9520034790039,106.29450225830078,106.74349975585938,106.74349975585938,52124000
107.78399658203125,107.9520034790039,106.29450225830078,106.74349975585938,106.74349975585938,52124000
107.24949645996094,108.51399993896484,107.0999984741211,107.49349975585938,107.49349975585938,60636000
108.16000366210938,109.01249694824219,107.7645034790039,108.0,108.0,66686000
107.54499816894531,109.29750061035156,106.80000305175781,107.54000091552734,107.54000091552734,114920000
104.25050354003906,106.77999877929688,104.24800109863281,106.69550323486328,106.69550323486328,101124000
102.09950256347656,104.92649841308594,101.90499877929688,103.96399688720703,103.96399688720703,101906000
102.09950256347656,104.92649841308594,101.90499877929688,103.96399688720703,103.96399688720703,101906000
102.09950256347656,104.92649841308594,101.90499877929688,103.96399688720703,103.96399688720703,101906000
102.0510025024414,102.81500244140625,101.23999786376953,102.5114974975586,102.5114974975586,63660000
103.5510025024414,103.5510025024414,101.5999984741211,101.99349975585938,101.99349975585938,87524000
101.49400329589844,102.98999786376953,100.76850128173828,102.4834976196289,102.4834976196289,105786000
100.52999877929688,102.42500305175781,100.01249694824219,100.20999908447266,100.20999908447266,117834000
102.57350158691406,102.78600311279297,100.1135025024414,100.43599700927734,100.43599700927734,311346000
102.57350158691406,102.78600311279297,100.1135025024414,100.43599700927734,100.43599700927734,311346000
102.57350158691406,102.78600311279297,100.1135025024414,100.43599700927734,100.43599700927734,311346000
92.9000015258789,93.64350128173828,92.53050231933594,93.53399658203125,93.53399658203125,126548000
93.19999694824219,93.73750305175781,92.7509994506836,92.9000015258789,92.9000015258789,41760000
92.0250015258789,92.90550231933594,91.5009994506836,92.6624984741211,92.6624984741211,56160000
91.0,92.05000305175781,90.76699829101562,91.41699981689453,91.41699981689453,70570000
94.56849670410156,94.74949645996094,92.37200164794922,93.08200073242188,93.08200073242188,75324000
94.56849670410156,94.74949645996094,92.37200164794922,93.08200073242188,93.08200073242188,75324000
94.56849670410156,94.74949645996094,92.37200164794922,93.08200073242188,93.08200073242188,75324000
94.25550079345703,94.4990005493164,93.63800048828125,94.22899627685547,94.22899627685547,49692000
94.80449676513672,95.125,94.16699981689453,94.37300109863281,94.37300109863281,64326000
93.25,94.7135009765625,93.0,94.5999984741211,94.5999984741211,74156000
94.29450225830078,94.33200073242188,92.86250305175781,93.23600006103516,93.23600006103516,79946000
94.29450225830078,94.33200073242188,92.86250305175781,93.23600006103516,93.23600006103516,79946000
94.29450225830078,94.33200073242188,92.86250305175781,93.23600006103516,93.23600006103516,79946000
94.29450225830078,94.33200073242188,92.86250305175781,93.23600006103516,93.23600006103516,79946000
94.14949798583984,94.27950286865234,93.3010025024414,93.89700317382812,93.89700317382812,53190000
93.61250305175781,93.94300079345703,92.75450134277344,93.10099792480469,93.10099792480469,57932000
94.29399871826172,94.35549926757812,92.92749786376953,93.47200012207031,93.47200012207031,68818000
94.56549835205078,94.9000015258789,94.04000091552734,94.56500244140625,94.56500244140625,55616000
95.26850128173828,95.34700012207031,94.0,94.15799713134766,94.15799713134766,57074000
95.26850128173828,95.34700012207031,94.0,94.15799713134766,94.15799713134766,57074000
95.26850128173828,95.34700012207031,94.0,94.15799713134766,94.15799713134766,57074000
95.49449920654297,95.89099884033203,94.79000091552734,95.05249786376953,95.05249786376953,63346000
94.9020004272461,95.55000305175781,94.3219985961914,94.59850311279297,94.59850311279297,70160000
95.2249984741211,95.69450378417969,94.60199737548828,95.34300231933594,95.34300231933594,80898000
93.0,95.18450164794922,93.0,95.14399719238281,95.14399719238281,81236000
93.2249984741211,94.30999755859375,93.2249984741211,93.74849700927734,93.74849700927734,75288000
93.2249984741211,94.30999755859375,93.2249984741211,93.74849700927734,93.74849700927734,75288000
93.2249984741211,94.30999755859375,93.2249984741211,93.74849700927734,93.74849700927734,75288000
93.75,94.90049743652344,93.2074966430664,94.90049743652344,94.90049743652344,80580000
92.0999984741211,92.66300201416016,91.61150360107422,92.39199829101562,92.39199829101562,50130000
92.0999984741211,92.66300201416016,91.61150360107422,92.39199829101562,92.39199829101562,50130000
93.69999694824219,94.19999694824219,92.03099822998047,92.34449768066406,92.34449768066406,73494000
94.14600372314453,95.06999969482422,93.30049896240234,93.48999786376953,93.48999786376953,123732000
94.14600372314453,95.06999969482422,93.30049896240234,93.48999786376953,93.48999786376953,123732000
94.14600372314453,95.06999969482422,93.30049896240234,93.48999786376953,93.48999786376953,123732000
90.05049896240234,93.52300262451172,89.9749984741211,93.4384994506836,93.4384994506836,120108000
89.69049835205078,89.77850341796875,89.37899780273438,89.46050262451172,89.46050262451172,17626000
89.69049835205078,89.77850341796875,89.37899780273438,89.46050262451172,89.46050262451172,17626000
89.41300201416016,89.6500015258789,89.22550201416016,89.6500015258789,89.6500015258789,42728000
89.98100280761719,90.14849853515625,89.12249755859375,89.32499694824219,89.32499694824219,103016000
89.98100280761719,90.14849853515625,89.12249755859375,89.32499694824219,89.32499694824219,103016000
89.98100280761719,90.14849853515625,89.12249755859375,89.32499694824219,89.32499694824219,103016000
89.0250015258789,89.64949798583984,88.7030029296875,89.61399841308594,89.61399841308594,53056000
89.7509994506836,89.91000366210938,89.11799621582031,89.20149993896484,89.20149993896484,67028000
88.90049743652344,89.5999984741211,88.86949920654297,89.53299713134766,89.53299713134766,72888000
88.3499984741211,88.4749984741211,87.85250091552734,88.46050262451172,88.46050262451172,62904000
88.25,88.44950103759766,87.75,88.0469970703125,88.0469970703125,54914000
88.25,88.44950103759766,87.75,88.0469970703125,88.0469970703125,54914000
88.25,88.44950103759766,87.75,88.0469970703125,88.0469970703125,54914000
87.5,88.19999694824219,87.27200317382812,88.0165023803711,88.0165023803711,61918000
87.08350372314453,87.5,86.7854995727539,87.43599700927734,87.43599700927734,41952000
87.37000274658203,87.53350067138672,86.75,86.96050262451172,86.96050262451172,50286000
87.53299713134766,88.34449768066406,87.28050231933594,87.47550201416016,87.47550201416016,48856000
87.55999755859375,87.72000122070312,87.00650024414062,87.58000183105469,87.58000183105469,62348000
87.55999755859375,87.72000122070312,87.00650024414062,87.58000183105469,87.58000183105469,62348000
87.55999755859375,87.72000122070312,87.00650024414062,87.58000183105469,87.58000183105469,62348000
88.17500305175781,88.17500305175781,87.0,87.02400207519531,87.02400207519531,56476000
88.70050048828125,89.45449829101562,88.01100158691406,88.03450012207031,88.03450012207031,53402000
88.0,88.64350128173828,87.36150360107422,88.49800109863281,88.49800109863281,67618000
90.22000122070312,90.27749633789062,88.13400268554688,89.08000183105469,89.08000183105469,78512000
90.88899993896484,91.2344970703125,90.03949737548828,90.04000091552734,90.04000091552734,38468000
90.88899993896484,91.2344970703125,90.03949737548828,90.04000091552734,90.04000091552734,38468000
90.88899993896484,91.2344970703125,90.03949737548828,90.04000091552734,90.04000091552734,38468000
90.05000305175781,91.2249984741211,89.8655014038086,90.92549896240234,90.92549896240234,60512000
90.05000305175781,91.2249984741211,89.8655014038086,90.92549896240234,90.92549896240234,60512000
88.99600219726562,89.85150146484375,88.9175033569336,89.84700012207031,89.84700012207031,63624000
87.6624984741211,88.87100219726562,87.66200256347656,88.69200134277344,88.69200134277344,69724000
86.95099639892578,87.32150268554688,86.55000305175781,87.28600311279297,87.28600311279297,49582000
86.95099639892578,87.32150268554688,86.55000305175781,87.28600311279297,87.28600311279297,49582000
86.95099639892578,87.32150268554688,86.55000305175781,87.28600311279297,87.28600311279297,49582000
87.1500015258789,87.34349822998047,86.51799774169922,86.7354965209961,86.7354965209961,53258000
87.45700073242188,88.1259994506836,86.70600128173828,87.27649688720703,87.27649688720703,55800000
87.84950256347656,88.03399658203125,87.15149688720703,87.6395034790039,87.6395034790039,45416000
86.91500091552734,87.68499755859375,86.135498046875,87.62650299072266,87.62650299072266,56790000
88.00250244140625,88.08399963378906,86.64299774169922,86.97450256347656,86.97450256347656,78552000
88.00250244140625,88.08399963378906,86.64299774169922,86.97450256347656,86.97450256347656,78552000
88.00250244140625,88.08399963378906,86.64299774169922,86.97450256347656,86.97450256347656,78552000
87.57150268554688,88.32949829101562,87.47799682617188,87.7300033569336,87.7300033569336,45296000
88.66950225830078,88.75,87.36599731445312,87.65550231933594,87.65550231933594,59790000
88.73300170898438,89.31099700927734,88.59549713134766,88.9000015258789,88.9000015258789,40752000
88.9000015258789,89.0,88.35649871826172,88.5824966430664,88.5824966430664,38920000
89.39450073242188,89.49400329589844,88.7020034790039,89.29399871826172,89.29399871826172,42466000
89.39450073242188,89.49400329589844,88.7020034790039,89.29399871826172,89.29399871826172,42466000
89.39450073242188,89.49400329589844,88.7020034790039,89.29399871826172,89.29399871826172,42466000
90.18800354003906,90.29499816894531,89.17400360107422,89.41000366210938,89.41000366210938,53022000
90.05000305175781,90.125,89.42900085449219,89.78849792480469,89.78849792480469,40596000
90.45800018310547,90.51249694824219,89.69999694824219,90.08550262451172,90.08550262451172,37710000
90.05049896240234,90.75299835205078,90.05049896240234,90.23300170898438,90.23300170898438,55438000
89.40049743652344,89.87249755859375,89.260498046875,89.5719985961914,89.5719985961914,55808000
89.40049743652344,89.87249755859375,89.260498046875,89.5719985961914,89.5719985961914,55808000
89.40049743652344,89.87249755859375,89.260498046875,89.5719985961914,89.5719985961914,55808000
88.79949951171875,89.5999984741211,88.5739974975586,88.83300018310547,88.83300018310547,55624000
88.01200103759766,89.11900329589844,87.95600128173828,88.99949645996094,88.99949645996094,48988000
88.7405014038086,88.8499984741211,87.79049682617188,88.135498046875,88.135498046875,45538000
87.40299987792969,88.93499755859375,87.125,88.85399627685547,88.85399627685547,74178000
84.87750244140625,88.21050262451172,84.75,88.06649780273438,88.06649780273438,192528000
84.87750244140625,88.21050262451172,84.75,88.06649780273438,88.06649780273438,192528000
84.87750244140625,88.21050262451172,84.75,88.06649780273438,88.06649780273438,192528000
88.55449676513672,89.41699981689453,88.01349639892578,89.03900146484375,89.03900146484375,88922000
88.06500244140625,88.50250244140625,87.0999984741211,88.1084976196289,88.1084976196289,42764000
89.40750122070312,89.48899841308594,88.0999984741211,88.2864990234375,88.2864990234375,42234000
88.48300170898438,89.29399871826172,88.25,89.28299713134766,89.28299713134766,42608000
89.38999938964844,89.6989974975586,87.45999908447266,87.87550354003906,87.87550354003906,67250000
89.38999938964844,89.6989974975586,87.45999908447266,87.87550354003906,87.87550354003906,67250000
89.38999938964844,89.6989974975586,87.45999908447266,87.87550354003906,87.87550354003906,67250000
89.82450103759766,89.94249725341797,89.10099792480469,89.3740005493164,89.3740005493164,52948000
88.66649627685547,89.31199645996094,88.5260009765625,88.87149810791016,88.87149810791016,55268000
87.10700225830078,88.82250213623047,87.03099822998047,88.36900329589844,88.36900329589844,62234000
86.44550323486328,87.09449768066406,86.0999984741211,86.82150268554688,86.82150268554688,38204000
87.14600372314453,87.27249908447266,86.49299621582031,86.59600067138672,86.59600067138672,65100000
87.14600372314453,87.27249908447266,86.49299621582031,86.59600067138672,86.59600067138672,65100000
87.14600372314453,87.27249908447266,86.49299621582031,86.59600067138672,86.59600067138672,65100000
86.26200103759766,86.91449737548828,85.6875,86.01300048828125,86.01300048828125,51504000
85.98049926757812,86.49749755859375,85.71800231933594,86.09950256347656,86.09950256347656,40870000
86.12449645996094,86.3499984741211,85.25,85.27549743652344,85.27549743652344,50840000
86.58149719238281,87.3915023803711,86.18499755859375,86.63300323486328,86.63300323486328,43094000
86.3010025024414,87.02899932861328,85.96150207519531,86.98249816894531,86.98249816894531,49438000
86.3010025024414,87.02899932861328,85.96150207519531,86.98249816894531,86.98249816894531,49438000
86.3010025024414,87.02899932861328,85.96150207519531,86.98249816894531,86.98249816894531,49438000
85.6500015258789,86.25,84.25299835205078,86.22100067138672,86.22100067138672,69364000
86.38700103759766,86.44450378417969,85.25,85.6614990234375,85.6614990234375,66022000
87.30000305175781,87.77999877929688,86.42050170898438,86.78250122070312,86.78250122070312,61690000
86.34950256347656,86.87300109863281,85.46099853515625,86.79550170898438,86.79550170898438,52894000
87.4000015258789,87.45600128173828,85.69100189208984,86.27249908447266,86.27249908447266,78144000
87.4000015258789,87.45600128173828,85.69100189208984,86.27249908447266,86.27249908447266,78144000
87.4000015258789,87.45600128173828,85.69100189208984,86.27249908447266,86.27249908447266,78144000
88.1395034790039,88.16850280761719,86.57499694824219,86.99199676513672,86.99199676513672,70736000
87.36799621582031,88.6500015258789,86.1500015258789,88.41649627685547,88.41649627685547,69864000
89.53050231933594,89.7854995727539,86.77749633789062,87.08049774169922,87.08049774169922,92320000
88.8499984741211,89.63500213623047,88.36599731445312,89.26499938964844,89.26499938964844,58446000
91.08550262451172,91.53150177001953,89.0459976196289,89.70800018310547,89.70800018310547,106838000
91.08550262451172,91.53150177001953,89.0459976196289,89.70800018310547,89.70800018310547,106838000
91.08550262451172,91.53150177001953,89.0459976196289,89.70800018310547,89.70800018310547,106838000
91.0510025024414,91.62850189208984,90.8949966430664,91.07499694824219,91.07499694824219,40630000
90.85199737548828,91.10299682617188,89.7750015258789,90.87300109863281,90.87300109863281,50112000
90.35399627685547,91.19950103759766,90.20500183105469,91.12750244140625,91.12750244140625,39648000
91.20099639892578,91.28450012207031,90.01000213623047,90.39199829101562,90.39199829101562,73510000
92.10050201416016,92.30599975585938,91.75849914550781,91.96700286865234,91.96700286865234,39426000
92.10050201416016,92.30599975585938,91.75849914550781,91.96700286865234,91.96700286865234,39426000
92.10050201416016,92.30599975585938,91.75849914550781,91.96700286865234,91.96700286865234,39426000
91.88150024414062,92.68299865722656,91.71399688720703,92.17749786376953,92.17749786376953,56470000
90.60700225830078,91.6709976196289,90.4540023803711,91.14949798583984,91.14949798583984,48656000
91.13749694824219,91.29049682617188,90.26699829101562,91.02749633789062,91.02749633789062,52278000
92.05000305175781,92.5,91.23049926757812,91.56749725341797,91.56749725341797,59990000
91.91100311279297,92.03250122070312,91.31999969482422,91.67549896240234,91.67549896240234,49938000
91.91100311279297,92.03250122070312,91.31999969482422,91.67549896240234,91.67549896240234,49938000
91.91100311279297,92.03250122070312,91.31999969482422,91.67549896240234,91.67549896240234,49938000
91.09750366210938,92.0999984741211,90.77899932861328,92.03600311279297,92.03600311279297,66216000
90.25,90.38150024414062,89.8115005493164,90.03099822998047,90.03099822998047,46482000
88.5,90.04000091552734,88.4000015258789,89.49199676513672,89.49199676513672,70860000
89.87449645996094,89.98699951171875,88.22850036621094,88.81449890136719,88.81449890136719,61174000
89.87449645996094,89.98699951171875,88.22850036621094,88.81449890136719,88.81449890136719,61174000
89.87449645996094,89.98699951171875,88.22850036621094,88.81449890136719,88.81449890136719,61174000
89.87449645996094,89.98699951171875,88.22850036621094,88.81449890136719,88.81449890136719,61174000
89.1500015258789,89.92749786376953,88.86250305175781,89.31999969482422,89.31999969482422,60302000
87.75,88.39299774169922,87.20249938964844,88.2125015258789,88.2125015258789,48394000
88.7864990234375,88.97000122070312,87.33399963378906,88.09149932861328,88.09149932861328,60394000
88.34549713134766,88.5,87.17549896240234,88.44349670410156,88.44349670410156,61600000
89.65149688720703,90.24500274658203,87.2614974975586,87.48100280761719,87.48100280761719,105416000
89.65149688720703,90.24500274658203,87.2614974975586,87.48100280761719,87.48100280761719,105416000
89.65149688720703,90.24500274658203,87.2614974975586,87.48100280761719,87.48100280761719,105416000
91.4000015258789,91.47049713134766,90.00499725341797,90.23300170898438,90.23300170898438,53070000
90.96949768066406,91.47899627685547,90.75,91.177001953125,91.177001953125,40636000
90.7249984741211,90.84100341796875,89.99400329589844,90.06900024414062,90.06900024414062,38590000
90.90399932861328,91.30000305175781,90.63050079345703,90.80599975585938,90.80599975585938,56326000
89.64450073242188,90.14550018310547,89.22750091552734,89.62850189208984,89.62850189208984,60360000
89.64450073242188,90.14550018310547,89.22750091552734,89.62850189208984,89.62850189208984,60360000
89.64450073242188,90.14550018310547,89.22750091552734,89.62850189208984,89.62850189208984,60360000
89.09950256347656,89.4000015258789,88.0979995727539,88.80599975585938,88.80599975585938,75182000
89.65049743652344,89.78250122070312,87.86100006103516,88.14800262451172,88.14800262451172,97872000
89.1500015258789,91.58699798583984,89.0,91.21700286865234,91.21700286865234,79880000
89.79949951171875,90.04900360107422,88.8499984741211,89.24600219726562,89.24600219726562,58110000
91.44750213623047,91.55449676513672,90.11100006103516,90.37899780273438,90.37899780273438,57596000
91.44750213623047,91.55449676513672,90.11100006103516,90.37899780273438,90.37899780273438,57596000
91.44750213623047,91.55449676513672,90.11100006103516,90.37899780273438,90.37899780273438,57596000
90.30000305175781,91.71299743652344,89.90550231933594,91.64450073242188,91.64450073242188,74024000
88.69950103759766,89.94650268554688,87.8499984741211,89.66999816894531,89.66999816894531,90538000
89.61150360107422,89.6884994506836,87.66999816894531,89.3915023803711,89.3915023803711,101406000
88.51100158691406,89.43350219726562,87.43900299072266,88.25650024414062,88.25650024414062,121164000
92.25350189208984,92.31800079345703,90.4010009765625,91.16200256347656,91.16200256347656,99124000
92.25350189208984,92.31800079345703,90.4010009765625,91.16200256347656,91.16200256347656,99124000
92.25350189208984,92.31800079345703,90.4010009765625,91.16200256347656,91.16200256347656,99124000
93.58599853515625,94.89600372314453,92.20050048828125,92.76599884033203,92.76599884033203,94266000
94.90550231933594,94.97750091552734,92.47200012207031,93.33899688720703,93.33899688720703,89414000
94.55599975585938,95.49449920654297,94.17400360107422,94.92649841308594,94.92649841308594,58218000
96.5,96.61150360107422,94.5270004272461,95.62249755859375,95.62249755859375,89864000
97.0999984741211,97.54499816894531,96.22550201416016,97.15249633789062,97.15249633789062,98542000
97.0999984741211,97.54499816894531,96.22550201416016,97.15249633789062,97.15249633789062,98542000
97.0999984741211,97.54499816894531,96.22550201416016,97.15249633789062,97.15249633789062,98542000
100.05000305175781,100.05999755859375,98.63600158691406,98.69100189208984,98.69100189208984,82730000
98.46499633789062,100.06500244140625,98.29350280761719,100.04049682617188,100.04049682617188,52626000
99.79949951171875,99.8895034790039,98.65650177001953,99.72450256347656,99.72450256347656,54070000
98.55699920654297,99.44999694824219,97.91300201416016,99.28150177001953,99.28150177001953,58000000
99.56050109863281,99.80000305175781,98.11150360107422,98.22599792480469,98.22599792480469,63712000
99.56050109863281,99.80000305175781,98.11150360107422,98.22599792480469,98.22599792480469,63712000
99.56050109863281,99.80000305175781,98.11150360107422,98.22599792480469,98.22599792480469,63712000
99.00050354003906,99.375,97.57749938964844,98.8949966430664,98.8949966430664,69738000
100.35250091552734,100.5999984741211,99.60150146484375,99.60150146484375,99.60150146484375,51176000
100.52899932861328,101.31600189208984,100.06099700927734,100.49500274658203,100.49500274658203,52364000
101.06999969482422,101.1449966430664,100.07749938964844,101.04949951171875,101.04949951171875,59626000
100.41349792480469,100.8499984741211,100.19349670410156,100.55000305175781,100.55000305175781,50186000
100.41349792480469,100.8499984741211,100.19349670410156,100.55000305175781,100.55000305175781,50186000
100.41349792480469,100.8499984741211,100.19349670410156,100.55000305175781,100.55000305175781,50186000
101.28099822998047,101.79000091552734,99.76499938964844,100.05349731445312,100.05349731445312,86356000
99.82550048828125,101.24700164794922,99.7699966430664,100.87049865722656,100.87049865722656,98638000
97.38999938964844,99.50050354003906,97.17400360107422,99.41500091552734,99.41500091552734,86914000
96.70600128173828,97.80000305175781,96.4124984741211,97.61599731445312,97.61599731445312,57668000
96.43000030517578,97.29499816894531,96.26499938964844,97.14550018310547,97.14550018310547,52568000
96.43000030517578,97.29499816894531,96.26499938964844,97.14550018310547,97.14550018310547,52568000
96.43000030517578,97.29499816894531,96.26499938964844,97.14550018310547,97.14550018310547,52568000
96.79450225830078,97.07949829101562,96.5250015258789,96.94999694824219,96.94999694824219,33806000
96.79450225830078,97.07949829101562,96.5250015258789,96.94999694824219,96.94999694824219,33806000
95.96900177001953,96.739501953125,95.33149719238281,96.71549987792969,96.71549987792969,52918000
96.14900207519531,96.49099731445312,95.73300170898438,96.1094970703125,96.1094970703125,63842000
95.45500183105469,95.64700317382812,94.19999694824219,94.68150329589844,94.68150329589844,60748000
95.45500183105469,95.64700317382812,94.19999694824219,94.68150329589844,94.68150329589844,60748000
95.45500183105469,95.64700317382812,94.19999694824219,94.68150329589844,94.68150329589844,60748000
95.0999984741211,95.56199645996094,94.9020004272461,95.21399688720703,95.21399688720703,42834000
94.6240005493164,95.19000244140625,94.36599731445312,94.8915023803711,94.8915023803711,48838000
95.59200286865234,95.81950378417969,93.62100219726562,93.91349792480469,93.91349792480469,60246000
95.63300323486328,95.84300231933594,95.06500244140625,95.69499969482422,95.69499969482422,45660000
95.80500030517578,96.29750061035156,95.37899780273438,95.56500244140625,95.56500244140625,78672000
95.80500030517578,96.29750061035156,95.37899780273438,95.56500244140625,95.56500244140625,78672000
95.80500030517578,96.29750061035156,95.37899780273438,95.56500244140625,95.56500244140625,78672000
96.66649627685547,96.76000213623047,95.29000091552734,95.90950012207031,95.90950012207031,64344000
95.39199829101562,95.97899627685547,94.62349700927734,95.43949890136719,95.43949890136719,57906000
95.06749725341797,96.08350372314453,94.989501953125,95.06849670410156,95.06849670410156,77914000
93.82499694824219,94.78450012207031,93.77249908447266,94.30149841308594,94.30149841308594,52686000
93.19999694824219,93.80000305175781,92.94999694824219,93.4834976196289,93.4834976196289,57024000
93.19999694824219,93.80000305175781,92.94999694824219,93.4834976196289,93.4834976196289,57024000
93.19999694824219,93.80000305175781,92.94999694824219,93.4834976196289,93.4834976196289,57024000
93.33599853515625,94.15450286865234,93.11100006103516,93.51499938964844,93.51499938964844,55916000
92.6989974975586,93.25,92.21900177001953,92.76599884033203,92.76599884033203,53566000
94.1624984741211,94.68499755859375,92.9000015258789,93.18499755859375,93.18499755859375,80854000
91.0999984741211,94.24349975585938,90.9000015258789,93.03150177001953,93.03150177001953,107420000
88.18499755859375,90.3125,87.97450256347656,90.20149993896484,90.20149993896484,96164000
88.18499755859375,90.3125,87.97450256347656,90.20149993896484,90.20149993896484,96164000
88.18499755859375,90.3125,87.97450256347656,90.20149993896484,90.20149993896484,96164000
86.885498046875,88.0,86.30650329589844,87.71800231933594,87.71800231933594,73786000
87.4800033569336,87.5999984741211,85.76249694824219,86.92500305175781,86.92500305175781,84796000
84.96199798583984,86.54100036621094,84.04450225830078,86.47799682617188,86.47799682617188,113582000
88.00050354003906,88.31449890136719,83.5999984741211,84.6344985961914,84.6344985961914,181974000
89.50050354003906,89.77950286865234,88.63500213623047,88.75350189208984,88.75350189208984,92376000
89.50050354003906,89.77950286865234,88.63500213623047,88.75350189208984,88.75350189208984,92376000
89.50050354003906,89.77950286865234,88.63500213623047,88.75350189208984,88.75350189208984,92376000
91.27449798583984,91.47350311279297,90.3915023803711,90.81600189208984,90.81600189208984,62938000
91.15599822998047,91.5,90.37650299072266,90.95950317382812,90.95950317382812,85580000
91.63749694824219,92.4635009765625,91.36750030517578,91.82150268554688,91.82150268554688,64000000
91.79450225830078,92.08799743652344,90.89250183105469,91.16400146484375,91.16400146484375,67394000
91.79450225830078,92.08799743652344,90.89250183105469,91.16400146484375,91.16400146484375,67394000
91.79450225830078,92.08799743652344,90.89250183105469,91.16400146484375,91.16400146484375,67394000
91.79450225830078,92.08799743652344,90.89250183105469,91.16400146484375,91.16400146484375,67394000
91.82949829101562,92.19999694824219,90.20999908447266,90.77400207519531,90.77400207519531,88486000
92.58899688720703,93.57450103759766,92.55000305175781,92.98400115966797,92.98400115966797,58732000
93.739501953125,93.94999694824219,92.30000305175781,92.8759994506836,92.8759994506836,80102000
92.6344985961914,93.38899993896484,91.7770004272461,92.94850158691406,92.94850158691406,75964000
94.65249633789062,95.52649688720703,93.36650085449219,93.44999694824219,93.44999694824219,94732000
94.65249633789062,95.52649688720703,93.36650085449219,93.44999694824219,93.44999694824219,94732000
94.65249633789062,95.52649688720703,93.36650085449219,93.44999694824219,93.44999694824219,94732000
94.2969970703125,95.87550354003906,94.114501953125,95.37850189208984,95.37850189208984,94156000
91.39749908447266,93.72149658203125,91.1500015258789,93.55750274658203,93.55750274658203,93852000
91.9749984741211,92.62200164794922,90.7874984741211,92.00599670410156,92.00599670410156,92582000
91.8280029296875,92.3270034790039,90.9000015258789,91.13400268554688,91.13400268554688,115668000
94.9000015258789,95.18949890136719,92.80000305175781,94.4990005493164,94.4990005493164,114360000
94.9000015258789,95.18949890136719,92.80000305175781,94.4990005493164,94.4990005493164,114360000
94.9000015258789,95.18949890136719,92.80000305175781,94.4990005493164,94.4990005493164,114360000
95.0,95.47000122070312,93.80000305175781,94.99349975585938,94.99349975585938,106166000
95.94349670410156,96.76850128173828,95.5,95.88849639892578,95.88849639892578,81572000
96.99949645996094,97.45500183105469,95.16899871826172,96.05000305175781,96.05000305175781,118042000
95.89900207519531,97.94999694824219,95.5250015258789,97.52749633789062,97.52749633789062,108356000
97.44999694824219,98.22000122070312,96.80000305175781,98.12300109863281,98.12300109863281,127632000
97.44999694824219,98.22000122070312,96.80000305175781,98.12300109863281,98.12300109863281,127632000
97.44999694824219,98.22000122070312,96.80000305175781,98.12300109863281,98.12300109863281,127632000
95.66649627685547,96.07749938964844,94.09349822998047,95.04100036621094,95.04100036621094,79258000
96.65450286865234,97.18199920654297,95.52749633789062,95.57599639892578,95.57599639892578,62340000
96.50499725341797,96.7854995727539,95.34750366210938,96.32599639892578,96.32599639892578,70120000
97.44999694824219,97.81700134277344,96.70449829101562,96.92150115966797,96.92150115966797,80426000
96.44999694824219,97.55000305175781,94.9000015258789,97.53150177001953,97.53150177001953,168652000
96.44999694824219,97.55000305175781,94.9000015258789,97.53150177001953,97.53150177001953,168652000
96.44999694824219,97.55000305175781,94.9000015258789,97.53150177001953,97.53150177001953,168652000
95.8499984741211,96.12249755859375,95.0155029296875,95.11250305175781,95.11250305175781,121982000
96.25,96.4844970703125,94.90799713134766,95.0875015258789,95.0875015258789,73516000
94.55999755859375,96.46299743652344,94.47899627685547,96.1884994506836,96.1884994506836,92808000
92.7699966430664,94.4209976196289,92.28199768066406,94.3655014038086,94.3655014038086,67476000
93.43949890136719,93.54100036621094,92.9739990234375,93.08450317382812,93.08450317382812,54998000
93.43949890136719,93.54100036621094,92.9739990234375,93.08450317382812,93.08450317382812,54998000
93.43949890136719,93.54100036621094,92.9739990234375,93.08450317382812,93.08450317382812,54998000
93.43949890136719,93.54100036621094,92.9739990234375,93.08450317382812,93.08450317382812,54998000
93.64949798583984,93.82350158691406,93.02200317382812,93.24099731445312,93.24099731445312,57870000
92.56749725341797,93.4885025024414,92.4000015258789,93.1520004272461,93.1520004272461,60892000
92.0999984741211,92.34249877929688,90.94499969482422,92.24349975585938,92.24349975585938,74488000
92.41999816894531,92.57499694824219,92.06500244140625,92.15299987792969,92.15299987792969,62288000
92.41999816894531,92.57499694824219,92.06500244140625,92.15299987792969,92.15299987792969,62288000
92.41999816894531,92.57499694824219,92.06500244140625,92.15299987792969,92.15299987792969,62288000
92.43499755859375,92.49749755859375,92.0155029296875,92.20349884033203,92.20349884033203,53096000
92.05000305175781,92.4000015258789,91.44049835205078,92.36650085449219,92.36650085449219,59280000
92.27449798583984,92.65450286865234,91.58899688720703,91.79199981689453,91.79199981689453,74288000
91.6614990234375,92.51000213623047,91.25550079345703,92.49299621582031,92.49299621582031,75056000
91.44999694824219,91.92900085449219,91.2594985961914,91.86399841308594,91.86399841308594,72810000
91.44999694824219,91.92900085449219,91.2594985961914,91.86399841308594,91.86399841308594,72810000
91.44999694824219,91.92900085449219,91.2594985961914,91.86399841308594,91.86399841308594,72810000
91.03250122070312,91.4375,90.20999908447266,90.94300079345703,90.94300079345703,72478000
91.33599853515625,91.5,90.48100280761719,91.03500366210938,91.03500366210938,78522000
90.5510025024414,91.0,90.25599670410156,90.6989974975586,90.6989974975586,68962000
90.00550079345703,90.78350067138672,89.9365005493164,90.70950317382812,90.70950317382812,84776000
89.3290023803711,89.64299774169922,88.83149719238281,89.0374984741211,89.0374984741211,66416000
89.3290023803711,89.64299774169922,88.83149719238281,89.0374984741211,89.0374984741211,66416000
89.3290023803711,89.64299774169922,88.83149719238281,89.0374984741211,89.0374984741211,66416000
88.5,88.89649963378906,87.67350006103516,88.6709976196289,88.6709976196289,60860000
89.20649719238281,89.375,87.28399658203125,88.28500366210938,88.28500366210938,86496000
89.6500015258789,90.28849792480469,88.66799926757812,89.18800354003906,89.18800354003906,97318000
87.8895034790039,89.13400268554688,87.375,88.71299743652344,88.71299743652344,102076000
90.50849914550781,90.9489974975586,88.15550231933594,88.2385025024414,88.2385025024414,127260000
90.50849914550781,90.9489974975586,88.15550231933594,88.2385025024414,88.2385025024414,127260000
90.50849914550781,90.9489974975586,88.15550231933594,88.2385025024414,88.2385025024414,127260000
89.81300354003906,91.1875,89.36399841308594,90.96299743652344,90.96299743652344,115356000
88.49700164794922,89.9749984741211,88.35150146484375,89.8635025024414,89.8635025024414,125312000
87.67549896240234,89.20800018310547,87.67549896240234,88.09249877929688,88.09249877929688,127284000
85.63500213623047,87.5,85.63150024414062,87.10749816894531,87.10749816894531,108582000
85.1500015258789,85.94000244140625,84.65650177001953,85.61799621582031,85.61799621582031,151018000
85.1500015258789,85.94000244140625,84.65650177001953,85.61799621582031,85.61799621582031,151018000
85.1500015258789,85.94000244140625,84.65650177001953,85.61799621582031,85.61799621582031,151018000
84.55999755859375,85.0999984741211,84.21700286865234,84.31099700927734,84.31099700927734,58932000
84.1500015258789,85.0,83.96749877929688,84.54049682617188,84.54049682617188,71040000
83.44999694824219,84.2135009765625,83.04900360107422,83.65499877929688,83.65499877929688,72290000
81.30599975585938,83.614501953125,81.30049896240234,83.53099822998047,83.53099822998047,77528000
80.20050048828125,81.13600158691406,79.32849884033203,81.04000091552734,81.04000091552734,93340000
80.20050048828125,81.13600158691406,79.32849884033203,81.04000091552734,81.04000091552734,93340000
80.20050048828125,81.13600158691406,79.32849884033203,81.04000091552734,81.04000091552734,93340000
83.36849975585938,83.48750305175781,81.02549743652344,81.29750061035156,81.29750061035156,99140000
84.79850006103516,84.88749694824219,83.41400146484375,83.44750213623047,83.44750213623047,79920000
85.14749908447266,85.38999938964844,84.45050048828125,84.62149810791016,84.62149810791016,73630000
84.25,85.47149658203125,83.71800231933594,84.80850219726562,84.80850219726562,123348000
82.75650024414062,83.71299743652344,82.55000305175781,83.58650207519531,83.58650207519531,99498000
82.75650024414062,83.71299743652344,82.55000305175781,83.58650207519531,83.58650207519531,99498000
82.75650024414062,83.71299743652344,82.55000305175781,83.58650207519531,83.58650207519531,99498000
81.76249694824219,82.5885009765625,81.69149780273438,81.99150085449219,81.99150085449219,60518000
81.40899658203125,82.09049987792969,80.75499725341797,82.05449676513672,82.05449676513672,62976000
81.29900360107422,81.99949645996094,80.80650329589844,81.81999969482422,81.81999969482422,53316000
82.07250213623047,82.7300033569336,81.51950073242188,81.6500015258789,81.6500015258789,63690000
81.17500305175781,81.74700164794922,81.05850219726562,81.5780029296875,81.5780029296875,61924000
81.17500305175781,81.74700164794922,81.05850219726562,81.5780029296875,81.5780029296875,61924000
81.17500305175781,81.74700164794922,81.05850219726562,81.5780029296875,81.5780029296875,61924000
80.99250030517578,81.1780014038086,80.04550170898438,80.97200012207031,80.97200012207031,69668000
81.5,81.74649810791016,80.50599670410156,81.1050033569336,81.1050033569336,66752000
80.05000305175781,81.69999694824219,80.02799987792969,81.37899780273438,81.37899780273438,73634000
81.39299774169922,81.44550323486328,80.2249984741211,80.39749908447266,80.39749908447266,86878000
81.39299774169922,81.44550323486328,80.2249984741211,80.39749908447266,80.39749908447266,86878000
81.39299774169922,81.44550323486328,80.2249984741211,80.39749908447266,80.39749908447266,86878000
81.39299774169922,81.44550323486328,80.2249984741211,80.39749908447266,80.39749908447266,86878000
81.2249984741211,81.8949966430664,80.3030014038086,81.13249969482422,81.13249969482422,82410000
82.3499984741211,82.81900024414062,81.85549926757812,82.0,82.0,71206000
80.19999694824219,81.97000122070312,79.94400024414062,81.90049743652344,81.90049743652344,97172000
80.04900360107422,80.4645004272461,79.30000305175781,79.55000305175781,79.55000305175781,66346000
79.30000305175781,79.42949676513672,78.33799743652344,79.41100311279297,79.41100311279297,113150000
79.30000305175781,79.42949676513672,78.33799743652344,79.41100311279297,79.41100311279297,113150000
79.30000305175781,79.42949676513672,78.33799743652344,79.41100311279297,79.41100311279297,113150000
81.25,81.2770004272461,79.64550018310547,80.71849822998047,80.71849822998047,92532000
83.5374984741211,83.61299896240234,81.66699981689453,82.01300048828125,82.01300048828125,78798000
82.16699981689453,83.26300048828125,82.125,82.94049835205078,82.94049835205078,89062000
81.1500015258789,82.48149871826172,80.67500305175781,81.66549682617188,81.66549682617188,98582000
81.94400024414062,83.65299987792969,81.10050201416016,81.3115005493164,81.3115005493164,230124000
81.94400024414062,83.65299987792969,81.10050201416016,81.3115005493164,81.3115005493164,230124000
81.94400024414062,83.65299987792969,81.10050201416016,81.3115005493164,81.3115005493164,230124000
84.64250183105469,86.82050323486328,83.9540023803711,85.9365005493164,85.9365005493164,218206000
81.1500015258789,83.84750366210938,80.98400115966797,83.52149963378906,83.52149963378906,115676000
81.5634994506836,81.61900329589844,79.53600311279297,79.69400024414062,79.69400024414062,92656000
82.17949676513672,82.25,80.70449829101562,81.89450073242188,81.89450073242188,96754000
83.5250015258789,84.17400360107422,83.08049774169922,83.52850341796875,83.52850341796875,98918000
83.5250015258789,84.17400360107422,83.08049774169922,83.52850341796875,83.52850341796875,98918000
83.5250015258789,84.17400360107422,83.08049774169922,83.52850341796875,83.52850341796875,98918000
82.05349731445312,82.86299896240234,81.58899688720703,82.74649810791016,82.74649810791016,81798000
82.80000305175781,82.87149810791016,80.5999984741211,82.0009994506836,82.0009994506836,104504000
84.05000305175781,84.09349822998047,80.51000213623047,81.6084976196289,81.6084976196289,128336000
85.5999984741211,85.80999755859375,84.5770034790039,84.80999755859375,84.80999755859375,120410000
85.5999984741211,85.80999755859375,84.5770034790039,84.80999755859375,84.80999755859375,120410000
85.5999984741211,85.80999755859375,84.5770034790039,84.80999755859375,84.80999755859375,120410000
85.5999984741211,85.80999755859375,84.5770034790039,84.80999755859375,84.80999755859375,120410000
84.0,85.00849914550781,83.875,84.66100311279297,84.66100311279297,84178000
84.21099853515625,85.25,83.79399871826172,84.18900299072266,84.18900299072266,127338000
81.5999984741211,83.75800323486328,81.30049896240234,83.72799682617188,83.72799682617188,119970000
80.75,82.41000366210938,79.75749969482422,80.8604965209961,80.8604965209961,120118000
82.02749633789062,83.0145034790039,81.81099700927734,82.02799987792969,82.02799987792969,93724000
82.02749633789062,83.0145034790039,81.81099700927734,82.02799987792969,82.02799987792969,93724000
82.02749633789062,83.0145034790039,81.81099700927734,82.02799987792969,82.02799987792969,93724000
82.05049896240234,83.1624984741211,81.08100128173828,82.81099700927734,82.81099700927734,130154000
82.64900207519531,83.38999938964844,82.06999969482422,82.97100067138672,82.97100067138672,126976000
83.2344970703125,83.83049774169922,80.83049774169922,82.8290023803711,82.8290023803711,177628000
80.1155014038086,81.72799682617188,79.45950317382812,81.47550201416016,81.47550201416016,159864000
76.5,79.69999694824219,75.91549682617188,78.76950073242188,78.76950073242188,183652000
76.5,79.69999694824219,75.91549682617188,78.76950073242188,78.76950073242188,183652000
76.5,79.69999694824219,75.91549682617188,78.76950073242188,78.76950073242188,183652000
76.00050354003906,76.9000015258789,74.85549926757812,75.01399993896484,75.01399993896484,139512000
73.26000213623047,77.66799926757812,73.04650115966797,76.95649719238281,76.95649719238281,159662000
75.54000091552734,76.03800201416016,74.3499984741211,75.09850311279297,75.09850311279297,139090000
75.54000091552734,76.03800201416016,74.3499984741211,75.09850311279297,75.09850311279297,139090000
73.6675033569336,75.67350006103516,72.44999694824219,73.9010009765625,73.9010009765625,176580000
73.6675033569336,75.67350006103516,72.44999694824219,73.9010009765625,73.9010009765625,176580000
73.6675033569336,75.67350006103516,72.44999694824219,73.9010009765625,73.9010009765625,176580000
72.70999908447266,73.44999694824219,69.5155029296875,73.08200073242188,73.08200073242188,194440000
68.44450378417969,73.65799713134766,68.15049743652344,73.54499816894531,73.54499816894531,208236000
67.30000305175781,69.80149841308594,65.3499984741211,67.197998046875,67.197998046875,144400000
67.30000305175781,69.80149841308594,65.3499984741211,67.197998046875,67.197998046875,144400000
73.24949645996094,74.0,68.197998046875,68.87249755859375,68.87249755859375,272806000
73.24949645996094,74.0,68.197998046875,68.87249755859375,68.87249755859375,272806000
73.24949645996094,74.0,68.197998046875,68.87249755859375,68.87249755859375,272806000
74.19999694824219,75.4749984741211,71.6344985961914,73.04149627685547,73.04149627685547,199836000
77.15249633789062,79.22650146484375,74.15899658203125,74.75399780273438,74.75399780273438,175844000
77.0,78.37750244140625,76.15049743652344,77.5739974975586,77.5739974975586,130460000
78.30000305175781,78.80650329589844,75.25050354003906,76.04550170898438,76.04550170898438,176596000
81.9000015258789,82.12850189208984,79.25,79.59549713134766,79.59549713134766,127344000
81.9000015258789,82.12850189208984,79.25,79.59549713134766,79.59549713134766,127344000
81.9000015258789,82.12850189208984,79.25,79.59549713134766,79.59549713134766,127344000
84.0,84.60600280761719,82.07499694824219,82.91899871826172,82.91899871826172,105426000
83.44999694824219,85.24949645996094,83.01349639892578,83.177001953125,83.177001953125,131960000
83.9000015258789,83.97350311279297,80.9800033569336,82.16200256347656,82.16200256347656,124894000
81.19200134277344,82.89949798583984,79.54350280761719,82.05149841308594,82.05149841308594,149896000
85.25350189208984,85.94650268554688,81.27300262451172,81.45649719238281,81.45649719238281,151522000
85.25350189208984,85.94650268554688,81.27300262451172,81.45649719238281,81.45649719238281,151522000
85.25350189208984,85.94650268554688,81.27300262451172,81.45649719238281,81.45649719238281,151522000
80.74349975585938,85.05249786376953,80.49250030517578,84.95950317382812,84.95950317382812,175788000
87.80000305175781,88.51699829101562,83.25,83.41999816894531,83.41999816894531,173890000
87.80000305175781,88.51699829101562,83.25,83.41999816894531,83.41999816894531,173890000
88.4729995727539,88.91699981689453,86.5,88.61799621582031,88.61799621582031,137246000
83.9749984741211,84.80000305175781,83.32499694824219,84.50849914550781,84.50849914550781,115236000
83.9749984741211,84.80000305175781,83.32499694824219,84.50849914550781,84.50849914550781,115236000
83.9749984741211,84.80000305175781,83.32499694824219,84.50849914550781,84.50849914550781,115236000
83.74949645996094,84.49949645996094,82.61650085449219,83.67849731445312,83.67849731445312,132264000
80.69599914550781,84.07250213623047,80.06099700927734,83.88749694824219,83.88749694824219,169174000
78.79949951171875,79.88249969482422,77.90049743652344,79.07099914550781,79.07099914550781,115664000
76.94999694824219,79.2405014038086,76.21099853515625,79.06649780273438,79.06649780273438,125154000
75.8499984741211,76.80999755859375,75.09049987792969,75.10299682617188,75.10299682617188,54152000
75.8499984741211,76.80999755859375,75.09049987792969,75.10299682617188,75.10299682617188,54152000
75.8499984741211,76.80999755859375,75.09049987792969,75.10299682617188,75.10299682617188,54152000
77.14949798583984,77.5,75.75,75.83650207519531,75.83650207519531,114336000
77.14949798583984,77.5,75.75,75.83650207519531,75.83650207519531,114336000
71.875,76.73750305175781,71.0,74.77300262451172,74.77300262451172,217576000
78.85050201416016,79.05950164794922,75.16799926757812,75.614501953125,75.614501953125,155800000
79.375,80.7239990234375,78.65599822998047,79.67050170898438,79.67050170898438,121322000
79.375,80.7239990234375,78.65599822998047,79.67050170898438,79.67050170898438,121322000
79.375,80.7239990234375,78.65599822998047,79.67050170898438,79.67050170898438,121322000
79.05049896240234,81.24099731445312,77.32550048828125,80.97200012207031,80.97200012207031,168546000
82.81600189208984,83.6500015258789,79.85350036621094,79.95050048828125,79.95050048828125,129738000
82.4645004272461,83.85299682617188,80.6875,81.55850219726562,81.55850219726562,118666000
84.91200256347656,85.42749786376953,81.50050354003906,81.84249877929688,81.84249877929688,136124000
86.625,87.19599914550781,85.09349822998047,85.62149810791016,85.62149810791016,118044000
86.625,87.19599914550781,85.09349822998047,85.62149810791016,85.62149810791016,118044000
86.625,87.19599914550781,85.09349822998047,85.62149810791016,85.62149810791016,118044000
87.75,89.19999694824219,86.25550079345703,87.74549865722656,87.74549865722656,130698000
83.6500015258789,87.96150207519531,83.2040023803711,87.77449798583984,87.77449798583984,163844000
80.9175033569336,83.25,80.72750091552734,82.1405029296875,82.1405029296875,85148000
82.87850189208984,82.90450286865234,79.81800079345703,81.38999938964844,81.38999938964844,112494000
83.92949676513672,84.87200164794922,82.59149932861328,83.27649688720703,83.27649688720703,139110000
83.92949676513672,84.87200164794922,82.59149932861328,83.27649688720703,83.27649688720703,139110000
83.92949676513672,84.87200164794922,82.59149932861328,83.27649688720703,83.27649688720703,139110000
81.17649841308594,83.52249908447266,79.9219970703125,83.27649688720703,83.27649688720703,162710000
78.49949645996094,81.19550323486328,78.25450134277344,79.90049743652344,79.90049743652344,187804000
74.30799865722656,77.04949951171875,73.81800079345703,76.52100372314453,76.52100372314453,249202000
83.0,83.28700256347656,74.75,76.94400024414062,76.94400024414062,277322000
82.47949981689453,84.9229965209961,80.1500015258789,82.1405029296875,82.1405029296875,299276000
82.47949981689453,84.9229965209961,80.1500015258789,82.1405029296875,82.1405029296875,299276000
82.47949981689453,84.9229965209961,80.1500015258789,82.1405029296875,82.1405029296875,299276000
85.16699981689453,89.7405014038086,84.60050201416016,89.1084976196289,89.1084976196289,205714000
88.68499755859375,88.885498046875,82.8280029296875,83.20999908447266,83.20999908447266,138568000
87.11199951171875,88.81700134277344,85.69999694824219,88.43499755859375,88.43499755859375,134478000
89.19999694824219,90.4749984741211,87.80000305175781,89.46499633789062,89.46499633789062,90000000
89.25800323486328,90.45500183105469,87.6500015258789,88.20149993896484,88.20149993896484,118144000
89.25800323486328,90.45500183105469,87.6500015258789,88.20149993896484,88.20149993896484,118144000
89.25800323486328,90.45500183105469,87.6500015258789,88.20149993896484,88.20149993896484,118144000
91.07450103759766,91.50749969482422,88.39350128173828,88.53600311279297,88.53600311279297,117480000
92.1395034790039,92.25,90.3499984741211,91.58650207519531,91.58650207519531,105904000
89.17500305175781,91.19400024414062,88.07749938964844,90.99800109863281,90.99800109863281,117198000
89.75,89.75250244140625,86.71150207519531,88.04750061035156,88.04750061035156,128744000
90.4000015258789,90.44750213623047,87.12650299072266,89.43049621582031,89.43049621582031,188892000
90.4000015258789,90.44750213623047,87.12650299072266,89.43049621582031,89.43049621582031,188892000
90.4000015258789,90.44750213623047,87.12650299072266,89.43049621582031,89.43049621582031,188892000
86.19999694824219,87.7699966430664,84.25499725341797,85.96800231933594,85.96800231933594,278718000
92.89450073242188,92.9280014038086,87.72049713134766,87.76249694824219,87.76249694824219,219778000
92.99949645996094,94.83399963378906,92.61599731445312,93.51599884033203,93.51599884033203,95458000
93.69999694824219,95.0999984741211,91.53299713134766,93.22100067138672,93.22100067138672,147864000
95.89949798583984,96.4540023803711,93.1415023803711,94.48249816894531,94.48249816894531,136446000
95.89949798583984,96.4540023803711,93.1415023803711,94.48249816894531,94.48249816894531,136446000
95.89949798583984,96.4540023803711,93.1415023803711,94.48249816894531,94.48249816894531,136446000
97.44999694824219,97.80000305175781,94.82849884033203,95.47100067138672,95.47100067138672,145140000
99.08499908447266,99.48500061035156,97.4905014038086,97.63800048828125,97.63800048828125,105062000
99.99949645996094,100.66950225830078,98.28849792480469,98.56549835205078,98.56549835205078,108014000
101.09950256347656,101.65950012207031,100.18000030517578,100.21800231933594,100.21800231933594,69210000
100.22049713134766,101.32599639892578,99.822998046875,100.1500015258789,100.1500015258789,81702000
100.22049713134766,101.32599639892578,99.822998046875,100.1500015258789,100.1500015258789,81702000
100.22049713134766,101.32599639892578,99.822998046875,100.1500015258789,100.1500015258789,81702000
99.66200256347656,100.80799865722656,99.42900085449219,100.64900207519531,100.64900207519531,86588000
98.42500305175781,99.76249694824219,98.07599639892578,98.74250030517578,98.74250030517578,86270000
97.1449966430664,98.79550170898438,96.94249725341797,98.72750091552734,98.72750091552734,90768000
95.18949890136719,96.84400177001953,93.25,96.71800231933594,96.71800231933594,84274000
97.71099853515625,97.8655014038086,95.5250015258789,95.75050354003906,95.75050354003906,137118000
97.71099853515625,97.8655014038086,95.5250015258789,95.75050354003906,95.75050354003906,137118000
97.71099853515625,97.8655014038086,95.5250015258789,95.75050354003906,95.75050354003906,137118000
96.92900085449219,97.75,96.61250305175781,97.21499633789062,97.21499633789062,63098000
97.0250015258789,97.04149627685547,95.24500274658203,96.32099914550781,96.32099914550781,81136000
95.93250274658203,97.91000366210938,95.77200317382812,97.05249786376953,97.05249786376953,85374000
97.73650360107422,97.84100341796875,94.37049865722656,95.40149688720703,95.40149688720703,141004000
99.64649963378906,99.68250274658203,97.96099853515625,98.5094985961914,98.5094985961914,72840000
99.64649963378906,99.68250274658203,97.96099853515625,98.5094985961914,98.5094985961914,72840000
99.64649963378906,99.68250274658203,97.96099853515625,98.5094985961914,98.5094985961914,72840000
100.0,100.43800354003906,99.10150146484375,99.49349975585938,99.49349975585938,72430000
99.69999694824219,100.0,98.12200164794922,99.5,99.5,88280000
96.41349792480469,99.44400024414062,95.8499984741211,99.35749816894531,99.35749816894531,100672000
98.55000305175781,98.6520004272461,96.57599639892578,96.95050048828125,96.95050048828125,90896000
96.93550109863281,98.76000213623047,96.86750030517578,97.60350036621094,97.60350036621094,97852000
96.93550109863281,98.76000213623047,96.86750030517578,97.60350036621094,97.60350036621094,97852000
96.93550109863281,98.76000213623047,96.86750030517578,97.60350036621094,97.60350036621094,97852000
100.32550048828125,100.375,96.760498046875,97.91549682617188,97.91549682617188,149774000
101.90550231933594,102.01899719238281,99.49449920654297,99.74099731445312,99.74099731445312,164412000
101.32499694824219,102.5250015258789,100.6500015258789,101.97550201416016,101.97550201416016,114422000
100.3499984741211,101.11900329589844,100.23699951171875,100.635498046875,100.635498046875,84088000
100.3499984741211,101.11900329589844,100.23699951171875,100.635498046875,100.635498046875,84088000
100.3499984741211,101.11900329589844,100.23699951171875,100.635498046875,100.635498046875,84088000
100.3499984741211,101.11900329589844,100.23699951171875,100.635498046875,100.635498046875,84088000
99.87100219726562,101.27850341796875,99.34500122070312,100.11900329589844,100.11900329589844,145546000
97.67250061035156,99.93450164794922,97.4469985961914,99.90499877929688,99.90499877929688,130636000
96.8864974975586,97.08899688720703,96.44100189208984,96.64099884033203,96.64099884033203,62014000
95.75,96.38500213623047,95.46399688720703,96.38400268554688,96.38400268554688,71380000
95.52549743652344,95.80049896240234,95.12699890136719,95.26950073242188,95.26950073242188,56018000
95.52549743652344,95.80049896240234,95.12699890136719,95.26950073242188,95.26950073242188,56018000
95.52549743652344,95.80049896240234,95.12699890136719,95.26950073242188,95.26950073242188,56018000
95.3584976196289,95.9749984741211,95.03800201416016,95.1449966430664,95.1449966430664,71260000
93.83200073242188,95.29000091552734,93.83200073242188,95.24500274658203,95.24500274658203,61610000
94.0,94.88749694824219,93.72049713134766,94.1709976196289,94.1709976196289,62112000
94.52850341796875,94.5875015258789,93.3030014038086,93.83550262451172,93.83550262451172,57240000
94.29000091552734,94.4000015258789,92.77749633789062,94.11100006103516,94.11100006103516,82086000
94.29000091552734,94.4000015258789,92.77749633789062,94.11100006103516,94.11100006103516,82086000
94.29000091552734,94.4000015258789,92.77749633789062,94.11100006103516,94.11100006103516,82086000
95.1969985961914,95.25,94.17749786376953,94.32599639892578,94.32599639892578,79142000
95.47750091552734,95.81050109863281,93.489501953125,94.13099670410156,94.13099670410156,154014000
95.96949768066406,96.05049896240234,95.0,95.98249816894531,95.98249816894531,79722000
94.92500305175781,96.25,94.68350219726562,94.80999755859375,94.80999755859375,110630000
94.42549896240234,94.9749984741211,93.9104995727539,94.31500244140625,94.31500244140625,72798000
94.42549896240234,94.9749984741211,93.9104995727539,94.31500244140625,94.31500244140625,72798000
94.42549896240234,94.9749984741211,93.9104995727539,94.31500244140625,94.31500244140625,72798000
94.0999984741211,95.72850036621094,93.8740005493164,94.9260025024414,94.9260025024414,97208000
93.05000305175781,94.57550048828125,92.7249984741211,94.32599639892578,94.32599639892578,79260000
92.72650146484375,93.48600006103516,92.3134994506836,93.1240005493164,93.1240005493164,67550000
91.29049682617188,92.38849639892578,90.94599914550781,92.38749694824219,92.38749694824219,67836000
91.88700103759766,92.05000305175781,91.07499694824219,91.16449737548828,91.16449737548828,69210000
91.88700103759766,92.05000305175781,91.07499694824219,91.16449737548828,91.16449737548828,69210000
91.88700103759766,92.05000305175781,91.07499694824219,91.16449737548828,91.16449737548828,69210000
89.4384994506836,91.8280029296875,89.30000305175781,91.71649932861328,91.71649932861328,87094000
89.19999694824219,89.9219970703125,88.8010025024414,89.8584976196289,89.8584976196289,83062000
89.32450103759766,90.09149932861328,86.96600341796875,88.87200164794922,88.87200164794922,114774000
91.36650085449219,91.4749984741211,88.3010025024414,88.96099853515625,88.96099853515625,131246000
93.80249786376953,94.00250244140625,90.32649993896484,90.8635025024414,90.8635025024414,193620000
93.80249786376953,94.00250244140625,90.32649993896484,90.8635025024414,90.8635025024414,193620000
93.80249786376953,94.00250244140625,90.32649993896484,90.8635025024414,90.8635025024414,193620000
91.94999694824219,92.23400115966797,90.2249984741211,90.4000015258789,90.4000015258789,198488000
91.46499633789062,93.19200134277344,91.13200378417969,93.18049621582031,93.18049621582031,74764000
91.45050048828125,92.0,90.46900177001953,91.46199798583984,91.46199798583984,85574000
90.6104965209961,90.94999694824219,88.49949645996094,90.0999984741211,90.0999984741211,77770000
91.25050354003906,91.74199676513672,90.50299835205078,90.68499755859375,90.68499755859375,77688000
91.25050354003906,91.74199676513672,90.50299835205078,90.68499755859375,90.68499755859375,77688000
91.25050354003906,91.74199676513672,90.50299835205078,90.68499755859375,90.68499755859375,77688000
91.4729995727539,92.05000305175781,90.5634994506836,90.64849853515625,90.64849853515625,93538000
92.4000015258789,92.94400024414062,91.5634994506836,92.14600372314453,92.14600372314453,97238000
90.5780029296875,92.58450317382812,89.86900329589844,92.19650268554688,92.19650268554688,113658000
91.09750366210938,92.09750366210938,90.72250366210938,91.12449645996094,91.12449645996094,109324000
90.19650268554688,90.76499938964844,89.7614974975586,90.65149688720703,90.65149688720703,87664000
90.19650268554688,90.76499938964844,89.7614974975586,90.65149688720703,90.65149688720703,87664000
90.19650268554688,90.76499938964844,89.7614974975586,90.65149688720703,90.65149688720703,87664000
88.22550201416016,89.9000015258789,88.10900115966797,89.83100128173828,89.83100128173828,90654000
86.89949798583984,87.8479995727539,86.69999694824219,87.75,87.75,64196000
86.92649841308594,87.5,86.55000305175781,87.15350341796875,87.15350341796875,60058000
86.20249938964844,86.97799682617188,85.8115005493164,86.95099639892578,86.95099639892578,60240000
84.80000305175781,85.76349639892578,84.58350372314453,85.53150177001953,85.53150177001953,53006000
84.80000305175781,85.76349639892578,84.58350372314453,85.53150177001953,85.53150177001953,53006000
84.80000305175781,85.76349639892578,84.58350372314453,85.53150177001953,85.53150177001953,53006000
85.26899719238281,85.53450012207031,84.10749816894531,84.98650360107422,84.98650360107422,59662000
86.197998046875,86.25,84.6240005493164,84.697998046875,84.697998046875,43546000
86.197998046875,86.25,84.6240005493164,84.697998046875,84.697998046875,43546000
84.13500213623047,85.69450378417969,83.90299987792969,85.68900299072266,85.68900299072266,63714000
85.8499984741211,86.17050170898438,84.71600341796875,84.98999786376953,84.98999786376953,90870000
85.8499984741211,86.17050170898438,84.71600341796875,84.98999786376953,84.98999786376953,90870000
85.8499984741211,86.17050170898438,84.71600341796875,84.98999786376953,84.98999786376953,90870000
83.62699890136719,85.2750015258789,83.05850219726562,85.07250213623047,85.07250213623047,90594000
85.40550231933594,85.59750366210938,83.0,83.02549743652344,83.02549743652344,97444000
83.61849975585938,85.07849884033203,83.16699981689453,84.55449676513672,84.55449676513672,87732000
85.12550354003906,85.25,82.31549835205078,83.15750122070312,83.15750122070312,150224000
87.13099670410156,87.1500015258789,85.59500122070312,85.78350067138672,85.78350067138672,81502000
87.13099670410156,87.1500015258789,85.59500122070312,85.78350067138672,85.78350067138672,81502000
87.13099670410156,87.1500015258789,85.59500122070312,85.78350067138672,85.78350067138672,81502000
88.0,88.15499877929688,85.87799835205078,86.51100158691406,86.51100158691406,98822000
87.125,88.14649963378906,87.06800079345703,87.50399780273438,87.50399780273438,86652000
85.4520034790039,86.80549621582031,85.01950073242188,86.73899841308594,86.73899841308594,85802000
85.31300354003906,86.33699798583984,85.12799835205078,86.18949890136719,86.18949890136719,62154000
85.69999694824219,86.04350280761719,85.4260025024414,85.79850006103516,85.79850006103516,95552000
85.69999694824219,86.04350280761719,85.4260025024414,85.79850006103516,85.79850006103516,95552000
85.69999694824219,86.04350280761719,85.4260025024414,85.79850006103516,85.79850006103516,95552000
85.67400360107422,86.23999786376953,85.44349670410156,86.19300079345703,86.19300079345703,63488000
85.1405029296875,85.6875,85.00599670410156,85.24299621582031,85.24299621582031,66550000
84.6500015258789,84.97550201416016,84.57599639892578,84.9375,84.9375,45184000
84.07550048828125,84.71199798583984,84.02950286865234,84.45600128173828,84.45600128173828,46710000
84.05599975585938,84.47200012207031,83.65049743652344,84.19950103759766,84.19950103759766,59102000
84.05599975585938,84.47200012207031,83.65049743652344,84.19950103759766,84.19950103759766,59102000
84.05599975585938,84.47200012207031,83.65049743652344,84.19950103759766,84.19950103759766,59102000
84.9280014038086,84.99500274658203,83.80549621582031,84.46499633789062,84.46499633789062,75314000
85.22550201416016,85.7249984741211,84.32350158691406,84.7874984741211,84.7874984741211,109464000
83.64949798583984,84.94999694824219,83.50299835205078,84.81749725341797,84.81749725341797,95644000
82.44499969482422,83.28399658203125,82.27449798583984,83.26349639892578,83.26349639892578,63754000
81.85150146484375,82.33650207519531,81.75450134277344,82.0770034790039,82.0770034790039,66268000
81.85150146484375,82.33650207519531,81.75450134277344,82.0770034790039,82.0770034790039,66268000
81.85150146484375,82.33650207519531,81.75450134277344,82.0770034790039,82.0770034790039,66268000
81.1500015258789,81.75,81.06749725341797,81.48100280761719,81.48100280761719,63326000
80.90499877929688,81.30000305175781,80.64649963378906,81.24449920654297,81.24449920654297,58148000
80.0354995727539,81.0895004272461,80.00749969482422,80.64350128173828,80.64350128173828,76930000
80.1500015258789,80.70600128173828,80.02249908447266,80.50749969482422,80.50749969482422,53968000
80.1500015258789,80.70600128173828,80.02249908447266,80.50749969482422,80.50749969482422,53968000
80.1500015258789,80.70600128173828,80.02249908447266,80.50749969482422,80.50749969482422,53968000
80.1500015258789,80.70600128173828,80.02249908447266,80.50749969482422,80.50749969482422,53968000
79.90149688720703,80.41200256347656,79.41899871826172,80.15350341796875,80.15350341796875,68600000
78.55249786376953,80.09300231933594,78.31700134277344,80.09300231933594,80.09300231933594,67238000
79.49449920654297,79.49449920654297,78.76249694824219,79.06999969482422,79.06999969482422,42312000
79.25,79.60250091552734,78.75,79.27300262451172,79.27300262451172,58504000
79.06649780273438,79.17949676513672,78.6050033569336,78.71849822998047,78.71849822998047,52852000
79.06649780273438,79.17949676513672,78.6050033569336,78.71849822998047,78.71849822998047,52852000
79.06649780273438,79.17949676513672,78.6050033569336,78.71849822998047,78.71849822998047,52852000
79.02799987792969,79.7020034790039,78.6500015258789,79.08799743652344,79.08799743652344,42952000
78.875,79.72149658203125,78.83350372314453,79.36399841308594,79.36399841308594,51412000
79.38999938964844,79.38999938964844,78.26100158691406,78.80599975585938,78.80599975585938,101550000
80.19999694824219,80.55899810791016,80.00250244140625,80.0770034790039,80.0770034790039,50190000
80.54949951171875,80.55500030517578,79.89450073242188,80.14550018310547,80.14550018310547,45278000
80.54949951171875,80.55500030517578,79.89450073242188,80.14550018310547,80.14550018310547,45278000
80.54949951171875,80.55500030517578,79.89450073242188,80.14550018310547,80.14550018310547,45278000
80.42400360107422,80.77999877929688,80.1719970703125,80.4540023803711,80.4540023803711,56350000
80.0,80.4000015258789,79.5999984741211,80.4000015258789,80.4000015258789,72746000
79.75,79.84400177001953,79.12550354003906,79.61949920654297,79.61949920654297,61358000
79.46700286865234,80.34750366210938,79.3915023803711,80.00700378417969,80.00700378417969,76038000
78.12249755859375,79.24500274658203,78.1094970703125,79.04750061035156,79.04750061035156,68872000
78.12249755859375,79.24500274658203,78.1094970703125,79.04750061035156,79.04750061035156,68872000
78.12249755859375,79.24500274658203,78.1094970703125,79.04750061035156,79.04750061035156,68872000
78.00050354003906,78.73999786376953,77.3010025024414,78.60399627685547,78.60399627685547,85038000
79.04900360107422,79.42500305175781,78.31800079345703,78.48400115966797,78.48400115966797,87206000
78.16100311279297,79.25,77.60900115966797,79.11299896240234,79.11299896240234,91442000
79.125,79.80000305175781,78.0469970703125,78.30650329589844,78.30650329589844,109282000
81.70050048828125,81.90499877929688,78.36949920654297,78.63099670410156,78.63099670410156,261064000
81.70050048828125,81.90499877929688,78.36949920654297,78.63099670410156,78.63099670410156,261064000
81.70050048828125,81.90499877929688,78.36949920654297,78.63099670410156,78.63099670410156,261064000
74.25050354003906,76.47100067138672,73.92500305175781,75.89800262451172,75.89800262451172,176022000
72.9000015258789,73.49949645996094,70.7509994506836,73.00849914550781,73.00849914550781,131746000
76.79000091552734,76.9749984741211,72.42250061035156,73.00450134277344,73.00450134277344,149894000
77.33450317382812,77.4000015258789,75.17050170898438,75.89299774169922,75.89299774169922,89308000
78.05999755859375,78.05999755859375,75.80449676513672,76.37449645996094,76.37449645996094,110832000
78.05999755859375,78.05999755859375,75.80449676513672,76.37449645996094,76.37449645996094,110832000
78.05999755859375,78.05999755859375,75.80449676513672,76.37449645996094,76.37449645996094,110832000
77.16100311279297,78.4260025024414,76.9530029296875,77.84549713134766,77.84549713134766,130474000
75.73249816894531,76.69000244140625,75.20549774169922,76.39199829101562,76.39199829101562,104550000
73.11499786376953,75.3594970703125,72.85099792480469,75.19149780273438,75.19149780273438,102288000
72.25,72.3499984741211,71.3740005493164,72.07499694824219,72.07499694824219,56172000
72.45700073242188,72.98899841308594,71.22599792480469,71.53949737548828,71.53949737548828,73706000
72.45700073242188,72.98899841308594,71.22599792480469,71.53949737548828,71.53949737548828,73706000
72.45700073242188,72.98899841308594,71.22599792480469,71.53949737548828,71.53949737548828,73706000
71.9749984741211,72.60600280761719,71.75299835205078,72.42500305175781,72.42500305175781,62700000
71.97200012207031,72.43900299072266,71.24449920654297,71.35250091552734,71.35250091552734,71650000
71.59950256347656,71.91899871826172,70.78500366210938,71.81099700927734,71.81099700927734,85082000
71.25150299072266,71.92400360107422,70.12850189208984,70.30400085449219,70.30400085449219,84164000
71.49849700927734,72.625,70.01300048828125,70.2614974975586,70.2614974975586,117646000
71.49849700927734,72.625,70.01300048828125,70.2614974975586,70.2614974975586,117646000
71.49849700927734,72.625,70.01300048828125,70.2614974975586,70.2614974975586,117646000
72.09950256347656,72.97799682617188,71.35350036621094,72.5875015258789,72.5875015258789,128270000
67.91200256347656,70.76950073242188,67.64399719238281,70.52850341796875,70.52850341796875,139646000
69.56900024414062,70.69999694824219,67.7665023803711,69.60250091552734,69.60250091552734,204624000
70.88099670410156,71.06800079345703,67.75,68.59950256347656,68.59950256347656,209272000
70.30000305175781,72.77349853515625,68.26000213623047,72.36699676513672,72.36699676513672,251622000
70.30000305175781,72.77349853515625,68.26000213623047,72.36699676513672,72.36699676513672,251622000
70.30000305175781,72.77349853515625,68.26000213623047,72.36699676513672,72.36699676513672,251622000
70.30000305175781,72.77349853515625,68.26000213623047,72.36699676513672,72.36699676513672,251622000
72.3499984741211,72.79499816894531,69.30850219726562,71.57099914550781,71.57099914550781,274106000
78.62000274658203,78.79850006103516,74.11599731445312,74.85250091552734,74.85250091552734,139992000
76.5,77.84950256347656,74.9625015258789,77.79299926757812,77.79299926757812,112494000
76.95050048828125,77.45099639892578,74.76799774169922,74.77799987792969,74.77799987792969,160120000
76.95050048828125,77.45099639892578,74.76799774169922,74.77799987792969,74.77799987792969,160120000
76.95050048828125,77.45099639892578,74.76799774169922,74.77799987792969,74.77799987792969,160120000
78.27349853515625,78.69249725341797,77.12000274658203,77.24600219726562,77.24600219726562,126412000
79.32250213623047,79.5,78.15850067138672,79.09300231933594,79.09300231933594,95016000
77.51699829101562,79.3499984741211,77.27050018310547,79.32550048828125,79.32550048828125,91632000
77.72650146484375,78.08300018310547,76.26750183105469,77.24649810791016,77.24649810791016,131616000
79.17250061035156,79.47200012207031,78.375,78.58399963378906,78.58399963378906,108500000
79.17250061035156,79.47200012207031,78.375,78.58399963378906,78.58399963378906,108500000
79.17250061035156,79.47200012207031,78.375,78.58399963378906,78.58399963378906,108500000
79.75,79.84549713134766,78.90550231933594,79.11599731445312,79.11599731445312,81394000
79.8499984741211,80.3219985961914,79.54450225830078,79.55000305175781,79.55000305175781,85188000
80.7979965209961,80.87699890136719,78.90049743652344,79.40899658203125,79.40899658203125,130638000
79.62999725341797,80.2665023803711,79.33499908447266,79.91950225830078,79.91950225830078,103484000
78.17500305175781,78.9469985961914,77.9540023803711,78.94450378417969,78.94450378417969,90686000
78.17500305175781,78.9469985961914,77.9540023803711,78.94450378417969,78.94450378417969,90686000
78.17500305175781,78.9469985961914,77.9540023803711,78.94450378417969,78.94450378417969,90686000
77.5,77.74400329589844,77.26249694824219,77.59300231933594,77.59300231933594,77252000
76.32599639892578,77.29499816894531,76.12550354003906,77.25,77.25,83482000
76.66000366210938,77.10649871826172,76.4000015258789,76.88200378417969,76.88200378417969,91234000
74.71199798583984,76.26899719238281,74.05000305175781,76.18049621582031,76.18049621582031,104678000
73.45500183105469,75.05249786376953,72.75050354003906,75.01249694824219,75.01249694824219,131752000
73.45500183105469,75.05249786376953,72.75050354003906,75.01249694824219,75.01249694824219,131752000
73.45500183105469,75.05249786376953,72.75050354003906,75.01249694824219,75.01249694824219,131752000
75.68000030517578,75.92449951171875,73.25,74.67250061035156,74.67250061035156,136704000
75.97550201416016,76.43499755859375,75.5999984741211,75.62249755859375,75.62249755859375,90300000
76.2249984741211,76.33899688720703,75.3604965209961,75.5989990234375,75.5989990234375,96176000
75.45999908447266,76.14199829101562,75.3499984741211,76.09750366210938,76.09750366210938,99100000
74.76699829101562,75.0,74.32499694824219,75.0,75.0,88362000
74.76699829101562,75.0,74.32499694824219,75.0,75.0,88362000
74.76699829101562,75.0,74.32499694824219,75.0,75.0,88362000
74.76799774169922,75.12699890136719,73.78800201416016,74.26699829101562,74.26699829101562,97162000
74.25,75.17449951171875,73.94599914550781,74.14600372314453,74.14600372314453,126088000
72.32450103759766,74.4384994506836,72.32450103759766,73.4175033569336,73.4175033569336,129984000
72.86849975585938,73.29000091552734,72.3280029296875,72.43450164794922,72.43450164794922,89452000
72.86849975585938,73.29000091552734,72.3280029296875,72.43450164794922,72.43450164794922,89452000
72.86849975585938,73.29000091552734,72.3280029296875,72.43450164794922,72.43450164794922,89452000
72.86849975585938,73.29000091552734,72.3280029296875,72.43450164794922,72.43450164794922,89452000
73.34449768066406,73.4469985961914,71.84200286865234,73.08799743652344,73.08799743652344,113054000
70.3125,72.60299682617188,70.16799926757812,72.55249786376953,72.55249786376953,119184000
69.29650115966797,70.98600006103516,69.17649841308594,70.72550201416016,70.72550201416016,118358000
68.2334976196289,69.69049835205078,67.20050048828125,69.3115005493164,69.3115005493164,134778000
68.67449951171875,69.17500305175781,63.29650115966797,66.9800033569336,66.9800033569336,282830000
68.67449951171875,69.17500305175781,63.29650115966797,66.9800033569336,66.9800033569336,282830000
68.67449951171875,69.17500305175781,63.29650115966797,66.9800033569336,66.9800033569336,282830000
71.48400115966797,71.6875,67.49700164794922,67.5250015258789,67.5250015258789,171572000
72.44999694824219,73.04949951171875,70.75749969482422,70.83899688720703,70.83899688720703,143254000
68.072998046875,72.19950103759766,67.5895004272461,72.14199829101562,72.14199829101562,221336000
70.13099670410156,72.9489974975586,66.03600311279297,69.5,69.5,229900000
73.86949920654297,74.9000015258789,70.69999694824219,71.49749755859375,71.49749755859375,222514000
73.86949920654297,74.9000015258789,70.69999694824219,71.49749755859375,71.49749755859375,222514000
73.86949920654297,74.9000015258789,70.69999694824219,71.49749755859375,71.49749755859375,222514000
72.25,72.99400329589844,69.25700378417969,69.5,69.5,182276000
72.56500244140625,73.62899780273438,72.50199890136719,72.54450225830078,72.54450225830078,128494000
70.15850067138672,71.9625015258789,69.5999984741211,71.89099884033203,71.89099884033203,117438000
70.45899963378906,71.56950378417969,70.02200317382812,70.88400268554688,70.88400268554688,114038000
69.60050201416016,70.12650299072266,69.04550170898438,70.10250091552734,70.10250091552734,97146000
69.60050201416016,70.12650299072266,69.04550170898438,70.10250091552734,70.10250091552734,97146000
69.60050201416016,70.12650299072266,69.04550170898438,70.10250091552734,70.10250091552734,97146000
68.4000015258789,68.91699981689453,67.88099670410156,68.89749908447266,68.89749908447266,95060000
68.74099731445312,69.40799713134766,66.9000015258789,67.87550354003906,67.87550354003906,136150000
66.90450286865234,68.24500274658203,66.86699676513672,68.12699890136719,68.12699890136719,103386000
64.8584976196289,66.37249755859375,64.83300018310547,66.3655014038086,66.3655014038086,82802000
65.5999984741211,65.6500015258789,64.64949798583984,64.72899627685547,64.72899627685547,91570000
65.5999984741211,65.6500015258789,64.64949798583984,64.72899627685547,64.72899627685547,91570000
65.5999984741211,65.6500015258789,64.64949798583984,64.72899627685547,64.72899627685547,91570000
64.69750213623047,65.2300033569336,64.20099639892578,64.66600036621094,64.66600036621094,80538000
65.61199951171875,65.69999694824219,64.04399871826172,64.75,64.75,105076000
66.1500015258789,66.99700164794922,64.61499786376953,65.24299621582031,65.24299621582031,144414000
63.669498443603516,65.28800201416016,63.669498443603516,65.26000213623047,65.26000213623047,108874000
63.669498443603516,65.28800201416016,63.669498443603516,65.26000213623047,65.26000213623047,108874000
63.669498443603516,65.28800201416016,63.669498443603516,65.26000213623047,65.26000213623047,108874000
63.669498443603516,65.28800201416016,63.669498443603516,65.26000213623047,65.26000213623047,108874000
62.98699951171875,63.8385009765625,62.823001861572266,63.83399963378906,63.83399963378906,62500000
62.25749969482422,62.71649932861328,61.86149978637695,62.71649932861328,62.71649932861328,53720000
62.845001220703125,62.96649932861328,62.0880012512207,62.6349983215332,62.6349983215332,73226000
61.79999923706055,62.65399932861328,61.60150146484375,62.34349822998047,62.34349822998047,85590000
60.8754997253418,61.457000732421875,60.5,61.457000732421875,61.457000732421875,70894000
60.8754997253418,61.457000732421875,60.5,61.457000732421875,61.457000732421875,70894000
60.8754997253418,61.457000732421875,60.5,61.457000732421875,61.457000732421875,70894000
60.25,60.79349899291992,60.233001708984375,60.47949981689453,60.47949981689453,60442000
59.415000915527344,60.27450180053711,59.415000915527344,60.209999084472656,60.209999084472656,62176000
58.599998474121094,59.5,58.5255012512207,59.45050048828125,59.45050048828125,53890000
59.11750030517578,59.20000076293945,58.375,58.4734992980957,58.4734992980957,53768000
59.11750030517578,59.20000076293945,58.375,58.4734992980957,58.4734992980957,53768000
59.11750030517578,59.20000076293945,58.375,58.4734992980957,58.4734992980957,53768000
59.11750030517578,59.20000076293945,58.375,58.4734992980957,58.4734992980957,53768000
59.45000076293945,59.505001068115234,59.21900177001953,59.30500030517578,59.30500030517578,36834000
58.99549865722656,59.364498138427734,58.78049850463867,59.112998962402344,59.112998962402344,37344000
58.417999267578125,58.91600036621094,58.02750015258789,58.8380012512207,58.8380012512207,40104000
58.604000091552734,58.73099899291992,58.39149856567383,58.417999267578125,58.417999267578125,31702000
58.604000091552734,58.73099899291992,58.39149856567383,58.417999267578125,58.417999267578125,31702000
58.604000091552734,58.73099899291992,58.39149856567383,58.417999267578125,58.417999267578125,31702000
58.604000091552734,58.73099899291992,58.39149856567383,58.417999267578125,58.417999267578125,31702000
58.79499816894531,58.958499908447266,58.38199996948242,58.737998962402344,58.737998962402344,42462000
59.525001525878906,59.54999923706055,58.79999923706055,58.88100051879883,58.88100051879883,47424000
59.45750045776367,59.64849853515625,58.957000732421875,59.36899948120117,59.36899948120117,51756000
59.368499755859375,59.73899841308594,59.045501708984375,59.52899932861328,59.52899932861328,58952000
58.951499938964844,59.13750076293945,58.46649932861328,58.957000732421875,58.957000732421875,95572000
58.951499938964844,59.13750076293945,58.46649932861328,58.957000732421875,58.957000732421875,95572000
58.951499938964844,59.13750076293945,58.46649932861328,58.957000732421875,58.957000732421875,95572000
58.18550109863281,58.89649963378906,58.122501373291016,58.7130012512207,58.7130012512207,64286000
58.5,58.54349899291992,58.01350021362305,58.20650100708008,58.20650100708008,52336000
58.32550048828125,58.68000030517578,58.080501556396484,58.25400161743164,58.25400161743164,44718000
58.22999954223633,58.494998931884766,57.849998474121094,58.44599914550781,58.44599914550781,47270000
58.52000045776367,58.63949966430664,57.85499954223633,58.099998474121094,58.099998474121094,61002000
58.52000045776367,58.63949966430664,57.85499954223633,58.099998474121094,58.099998474121094,61002000
58.52000045776367,58.63949966430664,57.85499954223633,58.099998474121094,58.099998474121094,61002000
57.829498291015625,58.15950012207031,57.54999923706055,57.989498138427734,57.989498138427734,50232000
56.89950180053711,57.794498443603516,56.80400085449219,57.61750030517578,57.61750030517578,57066000
56.41299819946289,57.9635009765625,56.23699951171875,57.07849884033203,57.07849884033203,81596000
58.692501068115234,58.7599983215332,56.400001525878906,56.6974983215332,56.6974983215332,118638000
58.602500915527344,58.98249816894531,57.599998474121094,58.11750030517578,58.11750030517578,82142000
58.602500915527344,58.98249816894531,57.599998474121094,58.11750030517578,58.11750030517578,82142000
58.602500915527344,58.98249816894531,57.599998474121094,58.11750030517578,58.11750030517578,82142000
58.35499954223633,58.92850112915039,58.0,58.837501525878906,58.837501525878906,90184000
59.7400016784668,59.7400016784668,57.259498596191406,58.063499450683594,58.063499450683594,185150000
60.24399948120117,60.266998291015625,59.42599868774414,59.68000030517578,59.68000030517578,91188000
60.132999420166016,60.670501708984375,59.557498931884766,59.791500091552734,59.791500091552734,134880000
58.03499984741211,59.34199905395508,58.03499984741211,59.29999923706055,59.29999923706055,70560000
58.03499984741211,59.34199905395508,58.03499984741211,59.29999923706055,59.29999923706055,70560000
58.03499984741211,59.34199905395508,58.03499984741211,59.29999923706055,59.29999923706055,70560000
57.04999923706055,58.01350021362305,57.04999923706055,57.80799865722656,57.80799865722656,71106000
57.04999923706055,58.01350021362305,57.04999923706055,57.80799865722656,57.80799865722656,71106000
56.643001556396484,57.0,56.40999984741211,56.9744987487793,56.9744987487793,49588000
56.48849868774414,56.67100143432617,56.127498626708984,56.31549835205078,56.31549835205078,43278000
56.91400146484375,56.939998626708984,56.29050064086914,56.49399948120117,56.49399948120117,48268000
56.91400146484375,56.939998626708984,56.29050064086914,56.49399948120117,56.49399948120117,48268000
56.91400146484375,56.939998626708984,56.29050064086914,56.49399948120117,56.49399948120117,48268000
56.507999420166016,56.90800094604492,56.502498626708984,56.864498138427734,56.864498138427734,44266000
56.35049819946289,56.587501525878906,56.08150100708008,56.33449935913086,56.33449935913086,78574000
56.50550079345703,56.900001525878906,56.19449996948242,56.84199905395508,56.84199905395508,62768000
56.150001525878906,56.994998931884766,56.117000579833984,56.458499908447266,56.458499908447266,58368000
56.30500030517578,56.587501525878906,56.202999114990234,56.26750183105469,56.26750183105469,43598000
56.30500030517578,56.587501525878906,56.202999114990234,56.26750183105469,56.26750183105469,43598000
56.30500030517578,56.587501525878906,56.202999114990234,56.26750183105469,56.26750183105469,43598000
56.29800033569336,56.48099899291992,55.78850173950195,56.45650100708008,56.45650100708008,74654000
56.14099884033203,56.777000427246094,55.955501556396484,56.64400100708008,56.64400100708008,51630000
56.23699951171875,56.529998779296875,55.875,56.15850067138672,56.15850067138672,53780000
55.45750045776367,56.27050018310547,55.438499450683594,56.03300094604492,56.03300094604492,67622000
54.557498931884766,55.63399887084961,54.42599868774414,55.58000183105469,55.58000183105469,75030000
54.557498931884766,55.63399887084961,54.42599868774414,55.58000183105469,55.58000183105469,75030000
54.557498931884766,55.63399887084961,54.42599868774414,55.58000183105469,55.58000183105469,75030000
54.890499114990234,55.09700012207031,54.34349822998047,54.71099853515625,54.71099853515625,73698000
55.27000045776367,55.44850158691406,54.83700180053711,55.183998107910156,55.183998107910156,75110000
55.45000076293945,55.527000427246094,55.055999755859375,55.263999938964844,55.263999938964844,69540000
54.7504997253418,56.13949966430664,54.678001403808594,55.54249954223633,55.54249954223633,132262000
52.90700149536133,55.27899932861328,52.52750015258789,55.04750061035156,55.04750061035156,331300000
52.90700149536133,55.27899932861328,52.52750015258789,55.04750061035156,55.04750061035156,331300000
52.90700149536133,55.27899932861328,52.52750015258789,55.04750061035156,55.04750061035156,331300000
49.01649856567383,49.14500045776367,48.4275016784668,48.621498107910156,48.621498107910156,112374000
48.900001525878906,49.22200012207031,48.3120002746582,48.64550018310547,48.64550018310547,60662000
48.45000076293945,48.99250030517578,48.25,48.79499816894531,48.79499816894531,54478000
49.33649826049805,49.3390007019043,48.125,48.314998626708984,48.314998626708984,69882000
49.67649841308594,49.73099899291992,49.099998474121094,49.14550018310547,49.14550018310547,47302000
49.67649841308594,49.73099899291992,49.099998474121094,49.14550018310547,49.14550018310547,47302000
49.67649841308594,49.73099899291992,49.099998474121094,49.14550018310547,49.14550018310547,47302000
49.5,49.5525016784668,49.012001037597656,49.330501556396484,49.330501556396484,62164000
50.4635009765625,51.115501403808594,49.82749938964844,49.849998474121094,49.849998474121094,49994000
50.27949905395508,50.57350158691406,50.21900177001953,50.45650100708008,50.45650100708008,46394000
50.422000885009766,50.47850036621094,50.051998138427734,50.31700134277344,50.31700134277344,40178000
50.349998474121094,50.38850021362305,50.05149841308594,50.14699935913086,50.14699935913086,48630000
50.349998474121094,50.38850021362305,50.05149841308594,50.14699935913086,50.14699935913086,48630000
50.349998474121094,50.38850021362305,50.05149841308594,50.14699935913086,50.14699935913086,48630000
49.84049987792969,50.422000885009766,49.619998931884766,50.04650115966797,50.04650115966797,81346000
49.563499450683594,49.775001525878906,49.334999084472656,49.75,49.75,46742000
49.833499908447266,49.897499084472656,49.005001068115234,49.36000061035156,49.36000061035156,61698000
49.6619987487793,49.92499923706055,49.375,49.54949951171875,49.54949951171875,58772000
48.78200149536133,49.787498474121094,48.78200149536133,49.479000091552734,49.479000091552734,75642000
48.78200149536133,49.787498474121094,48.78200149536133,49.479000091552734,49.479000091552734,75642000
48.78200149536133,49.787498474121094,48.78200149536133,49.479000091552734,49.479000091552734,75642000
48.5,49.07550048828125,48.481998443603516,49.04249954223633,49.04249954223633,64584000
47.71049880981445,48.38949966430664,47.70249938964844,48.272499084472656,48.272499084472656,50548000
47.900001525878906,48.18450164794922,47.51850128173828,47.85499954223633,47.85499954223633,53332000
48.20000076293945,48.365501403808594,47.60599899291992,47.95949935913086,47.95949935913086,48858000
48.00550079345703,48.24150085449219,47.91899871826172,48.067501068115234,48.067501068115234,50876000
48.00550079345703,48.24150085449219,47.91899871826172,48.067501068115234,48.067501068115234,50876000
48.00550079345703,48.24150085449219,47.91899871826172,48.067501068115234,48.067501068115234,50876000
47.59299850463867,47.98500061035156,47.505001068115234,47.81999969482422,47.81999969482422,50452000
47.400001525878906,47.76499938964844,47.165000915527344,47.54349899291992,47.54349899291992,62978000
47.27450180053711,47.43149948120117,46.587501525878906,46.93000030517578,46.93000030517578,71296000
47.46549987792969,47.47100067138672,46.644500732421875,46.989498138427734,46.989498138427734,102480000
48.050498962402344,48.28049850463867,47.72100067138672,47.755001068115234,47.755001068115234,52836000
48.050498962402344,48.28049850463867,47.72100067138672,47.755001068115234,47.755001068115234,52836000
48.050498962402344,48.28049850463867,47.72100067138672,47.755001068115234,47.755001068115234,52836000
48.56549835205078,48.584999084472656,48.10100173950195,48.23249816894531,48.23249816894531,46752000
48.589500427246094,48.740501403808594,48.108001708984375,48.660499572753906,48.660499572753906,57776000
48.86249923706055,48.9119987487793,48.37300109863281,48.49300003051758,48.49300003051758,53422000
49.52000045776367,49.63949966430664,48.40850067138672,48.70949935913086,48.70949935913086,68226000
49.6505012512207,49.8125,49.201499938964844,49.339500427246094,49.339500427246094,75204000
49.6505012512207,49.8125,49.201499938964844,49.339500427246094,49.339500427246094,75204000
49.6505012512207,49.8125,49.201499938964844,49.339500427246094,49.339500427246094,75204000
49.84000015258789,49.928001403808594,49.387001037597656,49.61050033569336,49.61050033569336,78266000
49.19850158691406,50.0,48.97100067138672,49.97999954223633,49.97999954223633,67494000
49.16350173950195,49.23350143432617,48.7760009765625,49.12900161743164,49.12900161743164,49622000
48.722999572753906,49.09700012207031,48.71099853515625,48.89799880981445,48.89799880981445,43734000
48.95500183105469,48.99399948120117,48.173500061035156,48.29499816894531,48.29499816894531,52106000
48.95500183105469,48.99399948120117,48.173500061035156,48.29499816894531,48.29499816894531,52106000
48.95500183105469,48.99399948120117,48.173500061035156,48.29499816894531,48.29499816894531,52106000
48.70000076293945,49.02949905395508,48.627498626708984,48.9734992980957,48.9734992980957,51336000
48.41600036621094,48.59199905395508,48.029998779296875,48.38999938964844,48.38999938964844,42598000
48.77000045776367,48.8385009765625,48.01850128173828,48.26350021362305,48.26350021362305,57664000
49.209999084472656,49.224998474121094,48.84400177001953,48.912498474121094,48.912498474121094,50718000
49.209999084472656,49.224998474121094,48.84400177001953,48.912498474121094,48.912498474121094,50718000
49.209999084472656,49.224998474121094,48.84400177001953,48.912498474121094,48.912498474121094,50718000
49.209999084472656,49.224998474121094,48.84400177001953,48.912498474121094,48.912498474121094,50718000
48.73500061035156,49.04999923706055,48.63800048828125,49.029998779296875,49.029998779296875,66630000
47.922000885009766,48.47050094604492,47.84550094604492,48.37950134277344,48.37950134277344,58092000
47.0,47.79999923706055,46.81650161743164,47.702999114990234,47.702999114990234,57486000
47.32699966430664,47.650001525878906,47.11249923706055,47.30099868774414,47.30099868774414,51934000
47.79999923706055,47.88100051879883,47.20500183105469,47.26300048828125,47.26300048828125,66496000
47.79999923706055,47.88100051879883,47.20500183105469,47.26300048828125,47.26300048828125,66496000
47.79999923706055,47.88100051879883,47.20500183105469,47.26300048828125,47.26300048828125,66496000
47.87099838256836,47.95000076293945,47.05699920654297,47.622501373291016,47.622501373291016,103914000
47.96900177001953,48.099998474121094,47.709999084472656,47.900001525878906,47.900001525878906,53366000
47.7760009765625,48.39649963378906,47.775001525878906,48.345001220703125,48.345001220703125,55000000
47.878501892089844,48.060001373291016,47.27299880981445,47.66450119018555,47.66450119018555,63290000
48.06999969482422,48.27149963378906,47.73249816894531,47.923500061035156,47.923500061035156,65696000
48.06999969482422,48.27149963378906,47.73249816894531,47.923500061035156,47.923500061035156,65696000
48.06999969482422,48.27149963378906,47.73249816894531,47.923500061035156,47.923500061035156,65696000
48.891998291015625,48.891998291015625,48.01599884033203,48.028499603271484,48.028499603271484,70248000
49.08250045776367,49.323001861572266,48.6609992980957,48.909000396728516,48.909000396728516,62642000
49.44499969482422,49.58700180053711,49.099998474121094,49.137001037597656,49.137001037597656,50986000
48.920501708984375,49.275001525878906,48.80950164794922,49.165000915527344,49.165000915527344,63458000
48.0,48.519500732421875,47.569000244140625,48.39950180053711,48.39950180053711,69360000
48.0,48.519500732421875,47.569000244140625,48.39950180053711,48.39950180053711,69360000
48.0,48.519500732421875,47.569000244140625,48.39950180053711,48.39950180053711,69360000
48.814998626708984,48.99300003051758,47.73400115966797,47.84600067138672,47.84600067138672,113682000
49.130001068115234,49.400001525878906,48.76350021362305,49.10049819946289,49.10049819946289,71394000
49.717498779296875,49.81399917602539,49.28950119018555,49.492000579833984,49.492000579833984,58056000
49.532501220703125,49.75,49.356998443603516,49.61349868774414,49.61349868774414,53532000
49.48400115966797,49.583499908447266,49.099998474121094,49.37900161743164,49.37900161743164,54606000
49.48400115966797,49.583499908447266,49.099998474121094,49.37900161743164,49.37900161743164,54606000
49.48400115966797,49.583499908447266,49.099998474121094,49.37900161743164,49.37900161743164,54606000
49.9734992980957,49.974998474121094,49.22949981689453,49.34600067138672,49.34600067138672,65116000
50.0885009765625,50.160499572753906,49.08649826049805,49.794498443603516,49.794498443603516,81400000
49.80550003051758,50.31999969482422,49.57899856567383,49.80950164794922,49.80950164794922,91452000
50.95249938964844,50.95249938964844,49.35100173950195,49.388999938964844,49.388999938964844,147042000
50.606998443603516,51.64250183105469,50.04999923706055,51.00199890136719,51.00199890136719,154188000
50.606998443603516,51.64250183105469,50.04999923706055,51.00199890136719,51.00199890136719,154188000
50.606998443603516,51.64250183105469,50.04999923706055,51.00199890136719,51.00199890136719,154188000
53.477500915527344,54.16550064086914,52.00899887084961,52.29999923706055,52.29999923706055,219834000
52.15999984741211,52.65999984741211,52.15999984741211,52.63999938964844,52.63999938964844,58426000
51.90250015258789,52.166500091552734,51.624000549316406,51.993499755859375,51.993499755859375,48952000
51.41699981689453,52.1505012512207,51.371498107910156,51.9474983215332,51.9474983215332,65760000
51.06399917602539,51.30500030517578,50.54999923706055,51.28350067138672,51.28350067138672,54692000
51.06399917602539,51.30500030517578,50.54999923706055,51.28350067138672,51.28350067138672,54692000
51.06399917602539,51.30500030517578,50.54999923706055,51.28350067138672,51.28350067138672,54692000
51.579498291015625,51.74850082397461,51.125999450683594,51.435001373291016,51.435001373291016,61950000
51.25,51.579498291015625,51.125,51.34349822998047,51.34349822998047,59280000
50.29999923706055,51.30149841308594,50.20000076293945,51.22249984741211,51.22249984741211,80152000
50.234500885009766,50.73749923706055,50.19049835205078,50.50199890136719,50.50199890136719,74252000
50.119998931884766,50.22249984741211,49.84450149536133,50.09049987792969,50.09049987792969,42050000
50.119998931884766,50.22249984741211,49.84450149536133,50.09049987792969,50.09049987792969,42050000
50.119998931884766,50.22249984741211,49.84450149536133,50.09049987792969,50.09049987792969,42050000
50.23099899291992,50.34400177001953,49.79499816894531,50.03150177001953,50.03150177001953,57616000
50.032501220703125,50.4275016784668,49.904998779296875,50.32550048828125,50.32550048828125,72172000
49.650001525878906,49.79949951171875,49.18600082397461,49.70650100708008,49.70650100708008,59654000
49.25,49.97200012207031,49.17499923706055,49.82350158691406,49.82350158691406,70926000
48.477500915527344,49.00550079345703,48.457000732421875,48.9379997253418,48.9379997253418,52868000
48.477500915527344,49.00550079345703,48.457000732421875,48.9379997253418,48.9379997253418,52868000
48.477500915527344,49.00550079345703,48.457000732421875,48.9379997253418,48.9379997253418,52868000
48.233001708984375,48.720001220703125,47.95100021362305,48.25699996948242,48.25699996948242,65192000
48.076499938964844,48.75,47.76250076293945,48.56999969482422,48.56999969482422,73060000
48.63949966430664,48.7244987487793,47.54999923706055,47.68299865722656,47.68299865722656,58182000
48.63949966430664,48.7244987487793,47.54999923706055,47.68299865722656,47.68299865722656,58182000
49.00600051879883,49.173500061035156,48.38050079345703,48.400001525878906,48.400001525878906,67806000
49.00600051879883,49.173500061035156,48.38050079345703,48.400001525878906,48.400001525878906,67806000
49.00600051879883,49.173500061035156,48.38050079345703,48.400001525878906,48.400001525878906,67806000
48.95000076293945,49.37799835205078,48.26250076293945,48.79650115966797,48.79650115966797,86060000
48.9275016784668,49.534000396728516,48.46049880981445,49.51649856567383,49.51649856567383,74752000
49.53450012207031,49.939998626708984,48.79999923706055,48.8390007019043,48.8390007019043,75648000
50.42499923706055,50.4900016784668,49.599998474121094,49.69900131225586,49.69900131225586,67724000
50.12699890136719,50.23099899291992,49.9010009765625,50.1870002746582,50.1870002746582,57582000
50.12699890136719,50.23099899291992,49.9010009765625,50.1870002746582,50.1870002746582,57582000
50.12699890136719,50.23099899291992,49.9010009765625,50.1870002746582,50.1870002746582,57582000
50.11149978637695,50.347999572753906,49.86000061035156,50.064998626708984,50.064998626708984,45068000
49.935001373291016,50.13600158691406,49.63249969482422,50.11149978637695,50.11149978637695,58450000
49.900001525878906,50.24399948120117,49.60100173950195,49.62950134277344,49.62950134277344,81536000
50.849998474121094,50.849998474121094,49.494998931884766,49.75849914550781,49.75849914550781,100868000
49.79999923706055,49.98749923706055,49.099998474121094,49.385501861572266,49.385501861572266,229454000
49.79999923706055,49.98749923706055,49.099998474121094,49.385501861572266,49.385501861572266,229454000
49.79999923706055,49.98749923706055,49.099998474121094,49.385501861572266,49.385501861572266,229454000
47.935001373291016,48.2864990234375,47.542999267578125,48.208499908447266,48.208499908447266,107478000
49.429500579833984,49.516998291015625,48.33549880981445,48.82350158691406,48.82350158691406,79498000
48.89950180053711,49.224998474121094,48.30500030517578,49.03950119018555,49.03950119018555,91600000
48.349998474121094,48.79750061035156,47.25,48.24549865722656,48.24549865722656,188944000
50.625,50.64950180053711,46.349998474121094,48.91550064086914,48.91550064086914,152954000
50.625,50.64950180053711,46.349998474121094,48.91550064086914,48.91550064086914,152954000
50.625,50.64950180053711,46.349998474121094,48.91550064086914,48.91550064086914,152954000
50.60300064086914,50.68050003051758,50.30550003051758,50.51350021362305,50.51350021362305,55358000
50.29750061035156,50.51250076293945,50.099998474121094,50.503501892089844,50.503501892089844,56460000
50.599998474121094,50.82500076293945,50.0625,50.150001525878906,50.150001525878906,66928000
50.36149978637695,50.660499572753906,50.175498962402344,50.56700134277344,50.56700134277344,54398000
49.949501037597656,50.42399978637695,49.78350067138672,50.33649826049805,50.33649826049805,75046000
49.949501037597656,50.42399978637695,49.78350067138672,50.33649826049805,50.33649826049805,75046000
49.949501037597656,50.42399978637695,49.78350067138672,50.33649826049805,50.33649826049805,75046000
49.929500579833984,49.949501037597656,49.56850051879883,49.79750061035156,49.79750061035156,49096000
50.0,50.00600051879883,49.108001708984375,49.73099899291992,49.73099899291992,78262000
49.82550048828125,50.060001373291016,49.7760009765625,49.834999084472656,49.834999084472656,65262000
49.75,49.932498931884766,49.462501525878906,49.78900146484375,49.78900146484375,69384000
49.75,49.932498931884766,49.462501525878906,49.78900146484375,49.78900146484375,69384000
49.75,49.932498931884766,49.462501525878906,49.78900146484375,49.78900146484375,69384000
49.75,49.932498931884766,49.462501525878906,49.78900146484375,49.78900146484375,69384000
49.24250030517578,49.95000076293945,49.105499267578125,49.66899871826172,49.66899871826172,96440000
48.79999923706055,49.04999923706055,48.51150131225586,49.01750183105469,49.01750183105469,48920000
48.750999450683594,48.7599983215332,48.342498779296875,48.57699966430664,48.57699966430664,48312000
48.20000076293945,48.569000244140625,48.14500045776367,48.53350067138672,48.53350067138672,52844000
48.141998291015625,48.44599914550781,47.986000061035156,47.992000579833984,47.992000579833984,79442000
48.141998291015625,48.44599914550781,47.986000061035156,47.992000579833984,47.992000579833984,79442000
48.141998291015625,48.44599914550781,47.986000061035156,47.992000579833984,47.992000579833984,79442000
47.2400016784668,48.13750076293945,47.237998962402344,47.92449951171875,47.92449951171875,78786000
47.73500061035156,48.02000045776367,47.20600128173828,47.237998962402344,47.237998962402344,102912000
48.04999923706055,48.50299835205078,48.045501708984375,48.30350112915039,48.30350112915039,62522000
47.936500549316406,48.157501220703125,47.803001403808594,47.89849853515625,47.89849853515625,85412000
47.724998474121094,48.13949966430664,47.576499938964844,48.067501068115234,48.067501068115234,72518000
47.724998474121094,48.13949966430664,47.576499938964844,48.067501068115234,48.067501068115234,72518000
47.724998474121094,48.13949966430664,47.576499938964844,48.067501068115234,48.067501068115234,72518000
47.25550079345703,47.51449966430664,47.03900146484375,47.38100051879883,47.38100051879883,43882000
47.67499923706055,47.6875,47.25,47.4474983215332,47.4474983215332,41930000
47.63999938964844,47.894500732421875,47.5099983215332,47.64099884033203,47.64099884033203,65242000
47.04750061035156,47.45249938964844,46.96049880981445,47.45199966430664,47.45199966430664,68314000
47.0260009765625,47.03950119018555,46.51499938964844,46.70750045776367,46.70750045776367,57328000
47.0260009765625,47.03950119018555,46.51499938964844,46.70750045776367,46.70750045776367,57328000
47.0260009765625,47.03950119018555,46.51499938964844,46.70750045776367,46.70750045776367,57328000
47.23749923706055,47.25,46.71099853515625,46.87649917602539,46.87649917602539,48368000
47.29999923706055,47.29999923706055,46.79499816894531,47.05149841308594,47.05149841308594,71654000
47.33250045776367,47.505001068115234,47.070499420166016,47.34700012207031,47.34700012207031,76976000
46.38999938964844,47.720001220703125,46.38999938964844,47.4114990234375,47.4114990234375,109330000
47.44150161743164,47.47949981689453,46.21649932861328,46.2495002746582,46.2495002746582,147294000
47.44150161743164,47.47949981689453,46.21649932861328,46.2495002746582,46.2495002746582,147294000
47.44150161743164,47.47949981689453,46.21649932861328,46.2495002746582,46.2495002746582,147294000
45.71950149536133,46.09299850463867,45.605499267578125,45.91899871826172,45.91899871826172,106110000
45.51499938964844,45.787498474121094,45.37799835205078,45.464500427246094,45.464500427246094,52178000
45.35200119018555,45.4739990234375,45.150001525878906,45.38100051879883,45.38100051879883,67612000
45.433998107910156,45.4995002746582,45.191001892089844,45.37049865722656,45.37049865722656,62458000
45.13349914550781,45.182498931884766,44.8385009765625,44.92649841308594,44.92649841308594,48410000
45.13349914550781,45.182498931884766,44.8385009765625,44.92649841308594,44.92649841308594,48410000
45.13349914550781,45.182498931884766,44.8385009765625,44.92649841308594,44.92649841308594,48410000
44.98500061035156,45.26599884033203,44.81449890136719,45.10300064086914,45.10300064086914,56288000
45.391998291015625,45.525001525878906,44.868499755859375,44.959999084472656,44.959999084472656,57404000
45.04949951171875,45.480499267578125,45.03900146484375,45.18899917602539,45.18899917602539,59984000
44.375,45.11899948120117,44.375,45.0994987487793,45.0994987487793,57094000
44.5724983215332,44.74850082397461,44.2244987487793,44.23350143432617,44.23350143432617,63492000
44.5724983215332,44.74850082397461,44.2244987487793,44.23350143432617,44.23350143432617,63492000
44.5724983215332,44.74850082397461,44.2244987487793,44.23350143432617,44.23350143432617,63492000
44.5724983215332,44.74850082397461,44.2244987487793,44.23350143432617,44.23350143432617,63492000
45.15449905395508,45.204498291015625,44.76250076293945,44.811500549316406,44.811500549316406,49122000
45.35200119018555,45.5620002746582,44.875,45.11800003051758,45.11800003051758,60254000
44.98149871826172,45.425498962402344,44.95000076293945,45.35200119018555,45.35200119018555,63686000
44.98249816894531,45.00450134277344,44.46549987792969,44.74399948120117,44.74399948120117,74218000
44.98249816894531,45.00450134277344,44.46549987792969,44.74399948120117,44.74399948120117,74218000
44.98249816894531,45.00450134277344,44.46549987792969,44.74399948120117,44.74399948120117,74218000
45.689998626708984,45.859500885009766,44.7244987487793,44.91400146484375,44.91400146484375,126882000
45.54100036621094,46.18600082397461,45.28099822998047,45.4640007019043,45.4640007019043,150168000
44.57500076293945,45.426998138427734,44.513999938964844,45.34149932861328,45.34149932861328,99694000
44.400001525878906,44.67449951171875,44.270999908447266,44.57550048828125,44.57550048828125,68446000
43.849998474121094,44.51750183105469,43.83250045776367,44.32699966430664,44.32699966430664,79152000
43.849998474121094,44.51750183105469,43.83250045776367,44.32699966430664,44.32699966430664,79152000
43.849998474121094,44.51750183105469,43.83250045776367,44.32699966430664,44.32699966430664,79152000
43.747501373291016,43.85300064086914,43.58300018310547,43.81700134277344,43.81700134277344,55254000
42.95249938964844,43.821998596191406,42.95100021362305,43.715999603271484,43.715999603271484,89716000
42.587501525878906,42.92300033569336,42.505001068115234,42.79999923706055,42.79999923706055,60832000
41.903499603271484,42.51499938964844,41.67499923706055,42.340999603271484,42.340999603271484,55116000
42.58399963378906,42.59000015258789,42.17649841308594,42.28049850463867,42.28049850463867,42766000
42.58399963378906,42.59000015258789,42.17649841308594,42.28049850463867,42.28049850463867,42766000
42.58399963378906,42.59000015258789,42.17649841308594,42.28049850463867,42.28049850463867,42766000
42.40999984741211,42.544498443603516,42.2400016784668,42.36899948120117,42.36899948120117,39060000
42.02149963378906,42.46849822998047,41.95249938964844,42.40299987792969,42.40299987792969,53174000
42.94200134277344,43.13999938964844,42.06549835205078,42.15999984741211,42.15999984741211,87658000
42.57550048828125,42.88999938964844,42.550498962402344,42.8484992980957,42.8484992980957,45654000
42.67449951171875,42.69150161743164,42.53200149536133,42.615501403808594,42.615501403808594,67688000
42.67449951171875,42.69150161743164,42.53200149536133,42.615501403808594,42.615501403808594,67688000
42.67449951171875,42.69150161743164,42.53200149536133,42.615501403808594,42.615501403808594,67688000
42.76499938964844,42.775001525878906,42.5255012512207,42.67100143432617,42.67100143432617,36846000
42.71649932861328,42.72249984741211,42.355499267578125,42.64849853515625,42.64849853515625,51244000
42.6775016784668,42.6875,42.377498626708984,42.62649917602539,42.62649917602539,42612000
42.5885009765625,42.78450012207031,42.58549880981445,42.72949981689453,42.72949981689453,38194000
42.849998474121094,42.86750030517578,42.58599853515625,42.62300109863281,42.62300109863281,48728000
42.849998474121094,42.86750030517578,42.58599853515625,42.62300109863281,42.62300109863281,48728000
42.849998474121094,42.86750030517578,42.58599853515625,42.62300109863281,42.62300109863281,48728000
42.54999923706055,42.81999969482422,42.515499114990234,42.650001525878906,42.650001525878906,40964000
42.400001525878906,42.653499603271484,42.339500427246094,42.525001525878906,42.525001525878906,45730000
42.27399826049805,42.42300033569336,42.1875,42.30099868774414,42.30099868774414,44952000
42.26150131225586,42.42449951171875,42.055999755859375,42.330501556396484,42.330501556396484,52208000
42.36000061035156,42.5994987487793,42.313499450683594,42.49399948120117,42.49399948120117,38822000
42.36000061035156,42.5994987487793,42.313499450683594,42.49399948120117,42.49399948120117,38822000
42.36000061035156,42.5994987487793,42.313499450683594,42.49399948120117,42.49399948120117,38822000
42.65399932861328,42.74100112915039,42.36399841308594,42.445499420166016,42.445499420166016,42642000
42.65250015258789,42.74150085449219,42.45050048828125,42.65399932861328,42.65399932861328,55202000
42.5724983215332,42.704498291015625,42.102500915527344,42.25199890136719,42.25199890136719,55874000
42.11899948120117,42.625,41.98350143432617,42.43199920654297,42.43199920654297,54272000
42.234500885009766,42.29050064086914,41.88750076293945,42.262001037597656,42.262001037597656,73760000
42.234500885009766,42.29050064086914,41.88750076293945,42.262001037597656,42.262001037597656,73760000
42.234500885009766,42.29050064086914,41.88750076293945,42.262001037597656,42.262001037597656,73760000
42.878501892089844,43.042999267578125,42.400001525878906,42.609500885009766,42.609500885009766,69240000
42.84749984741211,42.92150115966797,42.60900115966797,42.78049850463867,42.78049850463867,52340000
42.44200134277344,42.89899826049805,42.36249923706055,42.821998596191406,42.821998596191406,70154000
42.099998474121094,42.36349868774414,42.0364990234375,42.253501892089844,42.253501892089844,62246000
42.099998474121094,42.36349868774414,42.0364990234375,42.253501892089844,42.253501892089844,62246000
42.099998474121094,42.36349868774414,42.0364990234375,42.253501892089844,42.253501892089844,62246000
42.099998474121094,42.36349868774414,42.0364990234375,42.253501892089844,42.253501892089844,62246000
42.09199905395508,42.25,41.96900177001953,42.207000732421875,42.207000732421875,54294000
41.70000076293945,42.140499114990234,41.64099884033203,42.1349983215332,42.1349983215332,59378000
41.849998474121094,41.91550064086914,41.5724983215332,41.81949996948242,41.81949996948242,55848000
41.58100128173828,42.150001525878906,41.4275016784668,41.826499938964844,41.826499938964844,83452000
41.191001892089844,41.400001525878906,41.14250183105469,41.37300109863281,41.37300109863281,48592000
41.191001892089844,41.400001525878906,41.14250183105469,41.37300109863281,41.37300109863281,48592000
41.191001892089844,41.400001525878906,41.14250183105469,41.37300109863281,41.37300109863281,48592000
41.08000183105469,41.25,40.98550033569336,41.06800079345703,41.06800079345703,49698000
40.634498596191406,41.07400131225586,40.625,40.98550033569336,40.98550033569336,57160000
40.46549987792969,40.80799865722656,40.375,40.625,40.625,69322000
40.4900016784668,40.5359992980957,40.150001525878906,40.38199996948242,40.38199996948242,77946000
40.33599853515625,40.915000915527344,40.20000076293945,40.5099983215332,40.5099983215332,217376000
40.33599853515625,40.915000915527344,40.20000076293945,40.5099983215332,40.5099983215332,217376000
40.33599853515625,40.915000915527344,40.20000076293945,40.5099983215332,40.5099983215332,217376000
41.829498291015625,42.1245002746582,41.41299819946289,41.997501373291016,41.997501373291016,147010000
41.46049880981445,41.68899917602539,41.24700164794922,41.61750030517578,41.61750030517578,77004000
41.1875,41.3494987487793,40.97800064086914,41.17399978637695,41.17399978637695,62744000
41.650001525878906,41.67499923706055,40.819000244140625,41.51900100708008,41.51900100708008,74946000
41.95000076293945,41.98500061035156,41.47200012207031,41.78850173950195,41.78850173950195,59974000
41.95000076293945,41.98500061035156,41.47200012207031,41.78850173950195,41.78850173950195,59974000
41.95000076293945,41.98500061035156,41.47200012207031,41.78850173950195,41.78850173950195,59974000
41.7765007019043,42.19200134277344,41.650001525878906,41.95750045776367,41.95750045776367,71726000
41.28950119018555,41.87099838256836,41.26449966430664,41.82600021362305,41.82600021362305,78452000
41.099998474121094,41.199501037597656,40.724998474121094,41.12200164794922,41.12200164794922,59434000
40.34000015258789,40.92499923706055,40.25400161743164,40.89400100708008,40.89400100708008,55950000
40.763999938964844,40.80099868774414,40.3129997253418,40.416500091552734,40.416500091552734,67524000
40.763999938964844,40.80099868774414,40.3129997253418,40.416500091552734,40.416500091552734,67524000
40.763999938964844,40.80099868774414,40.3129997253418,40.416500091552734,40.416500091552734,67524000
40.5,40.675498962402344,40.36600112915039,40.45199966430664,40.45199966430664,50816000
40.474998474121094,40.58649826049805,40.2135009765625,40.374000549316406,40.374000549316406,47084000
40.78499984741211,40.79999923706055,40.172000885009766,40.486000061035156,40.486000061035156,73410000
40.715999603271484,41.08250045776367,40.56999969482422,40.856998443603516,40.856998443603516,75838000
40.715999603271484,41.08250045776367,40.56999969482422,40.856998443603516,40.856998443603516,75838000
40.715999603271484,41.08250045776367,40.56999969482422,40.856998443603516,40.856998443603516,75838000
40.715999603271484,41.08250045776367,40.56999969482422,40.856998443603516,40.856998443603516,75838000
40.015499114990234,40.70650100708008,39.974998474121094,40.68199920654297,40.68199920654297,97478000
39.68299865722656,39.974998474121094,39.47549819946289,39.95100021362305,39.95100021362305,59856000
39.83000183105469,39.900001525878906,39.47700119018555,39.79499816894531,39.79499816894531,51168000
39.900001525878906,40.0885009765625,39.5885009765625,39.84600067138672,39.84600067138672,68922000
39.11800003051758,39.97200012207031,38.92399978637695,39.79949951171875,39.79949951171875,119724000
39.11800003051758,39.97200012207031,38.92399978637695,39.79949951171875,39.79949951171875,119724000
39.11800003051758,39.97200012207031,38.92399978637695,39.79949951171875,39.79949951171875,119724000
38.07749938964844,39.119998931884766,38.01300048828125,39.022499084472656,39.022499084472656,116602000
37.919498443603516,37.98400115966797,37.709999084472656,37.85900115966797,37.85900115966797,50210000
37.895999908447266,37.9379997253418,37.3849983215332,37.68349838256836,37.68349838256836,70422000
38.32350158691406,38.369998931884766,37.41400146484375,37.493499755859375,37.493499755859375,82788000
38.32350158691406,38.369998931884766,37.41400146484375,37.493499755859375,37.493499755859375,82788000
38.32350158691406,38.369998931884766,37.41400146484375,37.493499755859375,37.493499755859375,82788000
38.32350158691406,38.369998931884766,37.41400146484375,37.493499755859375,37.493499755859375,82788000
38.619998931884766,38.66999816894531,38.04249954223633,38.25749969482422,38.25749969482422,63166000
38.8125,39.0,38.525001525878906,38.60649871826172,38.60649871826172,66020000
38.16999816894531,38.73249816894531,38.060001373291016,38.56999969482422,38.56999969482422,52774000
38.227500915527344,38.32500076293945,37.89950180053711,38.02949905395508,38.02949905395508,39632000
38.227500915527344,38.32500076293945,37.89950180053711,38.02949905395508,38.02949905395508,39632000
38.227500915527344,38.32500076293945,37.89950180053711,38.02949905395508,38.02949905395508,39632000
38.227500915527344,38.32500076293945,37.89950180053711,38.02949905395508,38.02949905395508,39632000
38.40599822998047,38.56050109863281,38.1510009765625,38.31700134277344,38.31700134277344,50872000
38.5,38.56100082397461,38.28499984741211,38.529998779296875,38.529998779296875,40892000
38.432498931884766,38.71950149536133,38.385501861572266,38.56100082397461,38.56100082397461,54072000
37.94449996948242,38.525001525878906,37.80799865722656,38.29999923706055,38.29999923706055,62264000
38.25,38.256500244140625,37.70000076293945,37.88850021362305,37.88850021362305,96964000
38.25,38.256500244140625,37.70000076293945,37.88850021362305,37.88850021362305,96964000
38.25,38.256500244140625,37.70000076293945,37.88850021362305,37.88850021362305,96964000
38.31399917602539,38.45500183105469,38.015499114990234,38.04999923706055,38.04999923706055,76038000
38.912498474121094,39.042999267578125,38.140499114990234,38.441001892089844,38.441001892089844,109096000
38.24800109863281,39.12300109863281,38.099998474121094,38.71699905395508,38.71699905395508,105706000
38.31999969482422,38.34450149536133,37.86000061035156,38.00600051879883,38.00600051879883,59278000
38.5,38.51250076293945,38.266998291015625,38.43299865722656,38.43299865722656,49418000
38.5,38.51250076293945,38.266998291015625,38.43299865722656,38.43299865722656,49418000
38.5,38.51250076293945,38.266998291015625,38.43299865722656,38.43299865722656,49418000
38.59349822998047,38.68949890136719,38.259498596191406,38.36650085449219,38.36650085449219,63792000
38.227500915527344,38.520999908447266,37.79100036621094,38.520999908447266,38.520999908447266,73698000
38.199501037597656,38.4119987487793,37.86249923706055,38.236000061035156,38.236000061035156,75894000
37.25,38.074501037597656,37.099998474121094,37.96799850463867,37.96799850463867,86294000
37.16999816894531,37.42449951171875,36.834999084472656,37.016998291015625,37.016998291015625,71226000
37.16999816894531,37.42449951171875,36.834999084472656,37.016998291015625,37.016998291015625,71226000
37.16999816894531,37.42449951171875,36.834999084472656,37.016998291015625,37.016998291015625,71226000
37.62049865722656,37.66849899291992,36.9015007019043,37.182498931884766,37.182498931884766,93320000
38.099998474121094,38.40449905395508,37.51250076293945,37.528499603271484,37.528499603271484,92518000
38.400001525878906,38.49449920654297,38.066001892089844,38.125999450683594,38.125999450683594,65446000
38.8494987487793,38.849998474121094,38.21200180053711,38.3385009765625,38.3385009765625,88776000
39.32500076293945,39.337501525878906,38.89500045776367,39.01850128173828,39.01850128173828,36742000
39.32500076293945,39.337501525878906,38.89500045776367,39.01850128173828,39.01850128173828,36742000
39.32500076293945,39.337501525878906,38.89500045776367,39.01850128173828,39.01850128173828,36742000
39.08649826049805,39.087501525878906,38.65599822998047,39.00600051879883,39.00600051879883,70806000
39.08649826049805,39.087501525878906,38.65599822998047,39.00600051879883,39.00600051879883,70806000
39.40850067138672,39.619998931884766,39.04999923706055,39.26649856567383,39.26649856567383,106226000
38.29999923706055,39.01750183105469,38.25550079345703,39.0,39.0,92292000
38.04999923706055,38.387001037597656,37.88199996948242,38.007999420166016,38.007999420166016,87468000
38.04999923706055,38.387001037597656,37.88199996948242,38.007999420166016,38.007999420166016,87468000
38.04999923706055,38.387001037597656,37.88199996948242,38.007999420166016,38.007999420166016,87468000
37.465999603271484,37.875,37.400001525878906,37.81999969482422,37.81999969482422,73802000
36.99399948120117,37.493499755859375,36.78049850463867,37.324501037597656,37.324501037597656,72976000
36.5,37.3390007019043,36.29949951171875,37.1619987487793,37.1619987487793,135116000
37.2755012512207,37.29999923706055,35.505001068115234,35.95349884033203,35.95349884033203,146426000
36.7864990234375,37.16299819946289,36.44499969482422,36.95050048828125,36.95050048828125,132456000
36.7864990234375,37.16299819946289,36.44499969482422,36.95050048828125,36.95050048828125,132456000
36.7864990234375,37.16299819946289,36.44499969482422,36.95050048828125,36.95050048828125,132456000
38.94049835205078,38.94150161743164,35.8849983215332,37.11899948120117,37.11899948120117,254940000
38.20000076293945,38.875,38.00450134277344,38.59400177001953,38.59400177001953,171258000
39.24850082397461,39.58700180053711,38.95500183105469,39.38750076293945,39.38750076293945,68252000
38.582000732421875,39.38650131225586,38.547000885009766,39.246498107910156,39.246498107910156,119688000
38.13949966430664,38.29999923706055,37.6614990234375,37.752498626708984,37.752498626708984,102442000
38.13949966430664,38.29999923706055,37.6614990234375,37.752498626708984,37.752498626708984,102442000
38.13949966430664,38.29999923706055,37.6614990234375,37.752498626708984,37.752498626708984,102442000
38.252498626708984,38.849998474121094,38.20000076293945,38.35150146484375,38.35150146484375,77450000
39.19649887084961,39.23749923706055,38.1775016784668,38.27799987792969,38.27799987792969,100530000
39.95000076293945,40.04199981689453,38.83549880981445,39.27050018310547,39.27050018310547,106108000
39.05149841308594,39.685001373291016,39.00550079345703,39.49100112915039,39.49100112915039,108266000
39.099998474121094,39.4744987487793,38.730499267578125,38.816001892089844,38.816001892089844,216822000
39.099998474121094,39.4744987487793,38.730499267578125,38.816001892089844,38.816001892089844,216822000
39.099998474121094,39.4744987487793,38.730499267578125,38.816001892089844,38.816001892089844,216822000
41.5620002746582,41.58599853515625,40.77149963378906,40.917999267578125,40.917999267578125,148128000
41.63800048828125,41.672000885009766,41.0,41.12950134277344,41.12950134277344,79962000
41.96500015258789,42.15449905395508,41.6609992980957,41.75899887084961,41.75899887084961,64968000
41.247501373291016,41.915000915527344,41.11050033569336,41.90449905395508,41.90449905395508,81218000
40.46799850463867,40.97100067138672,40.45000076293945,40.949501037597656,40.949501037597656,55860000
40.46799850463867,40.97100067138672,40.45000076293945,40.949501037597656,40.949501037597656,55860000
40.46799850463867,40.97100067138672,40.45000076293945,40.949501037597656,40.949501037597656,55860000
40.699501037597656,40.785499572753906,40.154998779296875,40.51599884033203,40.51599884033203,63040000
41.02000045776367,41.03350067138672,40.75849914550781,40.884498596191406,40.884498596191406,41814000
41.105499267578125,41.16299819946289,40.750999450683594,40.88249969482422,40.88249969482422,50250000
41.07500076293945,41.099998474121094,40.58399963378906,40.647499084472656,40.647499084472656,67230000
41.75400161743164,41.7869987487793,41.14799880981445,41.14799880981445,41.14799880981445,59996000
41.75400161743164,41.7869987487793,41.14799880981445,41.14799880981445,41.14799880981445,59996000
41.75400161743164,41.7869987487793,41.14799880981445,41.14799880981445,41.14799880981445,59996000
41.45000076293945,41.59000015258789,41.06050109863281,41.4640007019043,41.4640007019043,61828000
41.70000076293945,41.88349914550781,41.505001068115234,41.704498291015625,41.704498291015625,47608000
42.05099868774414,42.06449890136719,41.41749954223633,41.54999923706055,41.54999923706055,71764000
42.162498474121094,42.2599983215332,42.01350021362305,42.08549880981445,42.08549880981445,36542000
42.28950119018555,42.29750061035156,41.872501373291016,41.971500396728516,41.971500396728516,48524000
42.28950119018555,42.29750061035156,41.872501373291016,41.971500396728516,41.971500396728516,48524000
42.28950119018555,42.29750061035156,41.872501373291016,41.971500396728516,41.971500396728516,48524000
42.185001373291016,42.36050033569336,42.029998779296875,42.08300018310547,42.08300018310547,53680000
41.900001525878906,42.28350067138672,41.805999755859375,42.21799850463867,42.21799850463867,69382000
42.045501708984375,42.118499755859375,41.51300048828125,41.701499938964844,41.701499938964844,59006000
41.79999923706055,41.99300003051758,41.5625,41.83700180053711,41.83700180053711,55388000
41.63050079345703,41.997501373291016,41.619998931884766,41.865501403808594,41.865501403808594,88612000
41.63050079345703,41.997501373291016,41.619998931884766,41.865501403808594,41.865501403808594,88612000
41.63050079345703,41.997501373291016,41.619998931884766,41.865501403808594,41.865501403808594,88612000
41.41299819946289,41.875,41.23149871826172,41.45249938964844,41.45249938964844,98444000
40.900001525878906,41.50699996948242,40.85150146484375,41.43600082397461,41.43600082397461,88442000
40.092498779296875,40.832000732421875,40.05550003051758,40.80550003051758,40.80550003051758,76392000
40.09000015258789,40.29650115966797,39.85749816894531,39.95800018310547,39.95800018310547,53028000
40.15650177001953,40.38750076293945,40.10599899291992,40.287498474121094,40.287498474121094,47070000
40.15650177001953,40.38750076293945,40.10599899291992,40.287498474121094,40.287498474121094,47070000
40.15650177001953,40.38750076293945,40.10599899291992,40.287498474121094,40.287498474121094,47070000
39.7135009765625,40.294498443603516,39.7135009765625,40.23500061035156,40.23500061035156,81578000
39.162498474121094,39.53450012207031,38.95050048828125,39.48699951171875,39.48699951171875,54372000
38.79999923706055,39.06850051879883,38.79999923706055,39.01100158691406,39.01100158691406,38744000
38.99850082397461,39.09700012207031,38.54999923706055,38.755001068115234,38.755001068115234,45944000
38.66400146484375,39.02299880981445,38.58300018310547,38.92599868774414,38.92599868774414,109984000
38.66400146484375,39.02299880981445,38.58300018310547,38.92599868774414,38.92599868774414,109984000
38.66400146484375,39.02299880981445,38.58300018310547,38.92599868774414,38.92599868774414,109984000
38.099998474121094,38.54349899291992,37.87900161743164,38.484500885009766,38.484500885009766,60680000
38.11000061035156,38.375,37.942501068115234,38.054500579833984,38.054500579833984,50460000
38.438499450683594,38.49449920654297,37.95249938964844,38.050498962402344,38.050498962402344,62344000
37.86750030517578,38.632999420166016,37.79999923706055,38.574501037597656,38.574501037597656,62494000
38.96799850463867,39.04999923706055,38.00550079345703,38.00699996948242,38.00699996948242,85146000
38.96799850463867,39.04999923706055,38.00550079345703,38.00699996948242,38.00699996948242,85146000
38.96799850463867,39.04999923706055,38.00550079345703,38.00699996948242,38.00699996948242,85146000
39.19449996948242,39.32500076293945,39.071998596191406,39.202999114990234,39.202999114990234,40610000
39.47650146484375,39.53950119018555,39.21649932861328,39.2239990234375,39.2239990234375,48492000
38.70199966430664,39.4739990234375,38.51100158691406,39.44350051879883,39.44350051879883,74396000
38.705501556396484,38.79999923706055,38.584999084472656,38.62200164794922,38.62200164794922,43636000
38.705501556396484,38.79999923706055,38.584999084472656,38.62200164794922,38.62200164794922,43636000
38.705501556396484,38.79999923706055,38.584999084472656,38.62200164794922,38.62200164794922,43636000
38.705501556396484,38.79999923706055,38.584999084472656,38.62200164794922,38.62200164794922,43636000
38.54499816894531,38.60200119018555,38.337501525878906,38.53099822998047,38.53099822998047,35846000
38.33000183105469,38.481998443603516,38.20000076293945,38.45800018310547,38.45800018310547,32676000
38.5525016784668,38.59199905395508,38.27799987792969,38.37900161743164,38.37900161743164,34184000
38.43600082397461,38.749000549316406,38.43000030517578,38.56449890136719,38.56449890136719,43972000
38.002498626708984,38.5,37.9900016784668,38.45000076293945,38.45000076293945,55536000
38.002498626708984,38.5,37.9900016784668,38.45000076293945,38.45000076293945,55536000
38.002498626708984,38.5,37.9900016784668,38.45000076293945,38.45000076293945,55536000
37.79999923706055,38.02799987792969,37.73699951171875,37.96099853515625,37.96099853515625,32460000
38.150001525878906,38.170501708984375,37.768001556396484,37.86249923706055,37.86249923706055,34882000
38.16550064086914,38.23500061035156,38.04999923706055,38.122501373291016,38.122501373291016,30482000
37.875,37.99250030517578,37.60499954223633,37.9739990234375,37.9739990234375,33586000
38.095001220703125,38.1245002746582,37.84450149536133,37.865501403808594,37.865501403808594,46864000
38.095001220703125,38.1245002746582,37.84450149536133,37.865501403808594,37.865501403808594,46864000
38.095001220703125,38.1245002746582,37.84450149536133,37.865501403808594,37.865501403808594,46864000
38.20000076293945,38.25849914550781,38.029998779296875,38.222999572753906,38.222999572753906,29176000
38.22050094604492,38.26100158691406,37.959999084472656,38.23149871826172,38.23149871826172,37822000
38.430999755859375,38.436500549316406,38.191001892089844,38.20199966430664,38.20199966430664,32092000
38.595001220703125,38.60200119018555,38.385501861572266,38.42449951171875,38.42449951171875,42370000
38.42300033569336,38.657501220703125,38.42100143432617,38.62799835205078,38.62799835205078,31266000
38.42300033569336,38.657501220703125,38.42100143432617,38.62799835205078,38.62799835205078,31266000
38.42300033569336,38.657501220703125,38.42100143432617,38.62799835205078,38.62799835205078,31266000
38.49700164794922,38.6875,38.45600128173828,38.5620002746582,38.5620002746582,40394000
38.4900016784668,38.60499954223633,38.30950164794922,38.428001403808594,38.428001403808594,32086000
38.36949920654297,38.630001068115234,38.345001220703125,38.41550064086914,38.41550064086914,37522000
38.34049987792969,38.349998474121094,38.05099868774414,38.327999114990234,38.327999114990234,39726000
38.240501403808594,38.423500061035156,38.15449905395508,38.29899978637695,38.29899978637695,54088000
38.240501403808594,38.423500061035156,38.15449905395508,38.29899978637695,38.29899978637695,54088000
38.240501403808594,38.423500061035156,38.15449905395508,38.29899978637695,38.29899978637695,54088000
37.685001373291016,38.25,37.51750183105469,38.03850173950195,38.03850173950195,63564000
37.85300064086914,37.94449996948242,37.61249923706055,37.731998443603516,37.731998443603516,71630000
38.19049835205078,38.2504997253418,37.85100173950195,38.02899932861328,38.02899932861328,72066000
37.993499755859375,38.525001525878906,37.85300064086914,38.387001037597656,38.387001037597656,71564000
38.25,38.29999923706055,37.75,37.94049835205078,37.94049835205078,135542000
38.25,38.29999923706055,37.75,37.94049835205078,37.94049835205078,135542000
38.25,38.29999923706055,37.75,37.94049835205078,37.94049835205078,135542000
37.29899978637695,37.667999267578125,36.98500061035156,37.63050079345703,37.63050079345703,152352000
36.89849853515625,37.047000885009766,36.69300079345703,36.833499908447266,36.833499908447266,58262000
37.135501861572266,37.15650177001953,36.63750076293945,36.77949905395508,36.77949905395508,50594000
37.32749938964844,37.42499923706055,36.76750183105469,36.980499267578125,36.980499267578125,53586000
37.38949966430664,37.56399917602539,37.17649841308594,37.24300003051758,37.24300003051758,45554000
37.38949966430664,37.56399917602539,37.17649841308594,37.24300003051758,37.24300003051758,45554000
37.38949966430664,37.56399917602539,37.17649841308594,37.24300003051758,37.24300003051758,45554000
37.375,37.46799850463867,37.13949966430664,37.221500396728516,37.221500396728516,46342000
37.20000076293945,37.3125,37.03499984741211,37.2859992980957,37.2859992980957,44280000
36.625,37.166500091552734,36.615501403808594,36.997501373291016,36.997501373291016,44336000
36.77450180053711,37.08000183105469,36.43600082397461,36.80350112915039,36.80350112915039,59098000
37.32749938964844,37.32749938964844,36.70249938964844,36.77199935913086,36.77199935913086,62428000
37.32749938964844,37.32749938964844,36.70249938964844,36.77199935913086,36.77199935913086,62428000
37.32749938964844,37.32749938964844,36.70249938964844,36.77199935913086,36.77199935913086,62428000
37.44300079345703,37.45199966430664,36.95100021362305,37.060001373291016,37.060001373291016,47810000
37.3380012512207,37.84349822998047,37.0625,37.131500244140625,37.131500244140625,82846000
37.84299850463867,37.867000579833984,37.01649856567383,37.410499572753906,37.410499572753906,112474000
37.5,37.79499816894531,37.349998474121094,37.68899917602539,37.68899917602539,63906000
37.00699996948242,37.30500030517578,36.900001525878906,37.29050064086914,37.29050064086914,68584000
37.00699996948242,37.30500030517578,36.900001525878906,37.29050064086914,37.29050064086914,68584000
37.00699996948242,37.30500030517578,36.900001525878906,37.29050064086914,37.29050064086914,68584000
36.96649932861328,36.977500915527344,36.58150100708008,36.82849884033203,36.82849884033203,58916000
36.285499572753906,36.88850021362305,36.12900161743164,36.88050079345703,36.88050079345703,78764000
36.13999938964844,36.47800064086914,35.980499267578125,36.404998779296875,36.404998779296875,48628000
35.86600112915039,36.400001525878906,35.82699966430664,36.284000396728516,36.284000396728516,58408000
35.86600112915039,36.400001525878906,35.82699966430664,36.284000396728516,36.284000396728516,58408000
35.86600112915039,36.400001525878906,35.82699966430664,36.284000396728516,36.284000396728516,58408000
35.86600112915039,36.400001525878906,35.82699966430664,36.284000396728516,36.284000396728516,58408000
35.86000061035156,35.96849822998047,35.62699890136719,35.78099822998047,35.78099822998047,57102000
35.787498474121094,35.974998474121094,35.676998138427734,35.779998779296875,35.779998779296875,61402000
35.0,35.400001525878906,34.90850067138672,35.397499084472656,35.397499084472656,80740000
34.60049819946289,34.840999603271484,34.10599899291992,34.56800079345703,34.56800079345703,111360000
34.650001525878906,35.62649917602539,34.61000061035156,34.948001861572266,34.948001861572266,152650000
34.650001525878906,35.62649917602539,34.61000061035156,34.948001861572266,34.948001861572266,152650000
34.650001525878906,35.62649917602539,34.61000061035156,34.948001861572266,34.948001861572266,152650000
35.775001525878906,36.10599899291992,35.625,36.104000091552734,36.104000091552734,56500000
35.82899856567383,35.849998474121094,35.378501892089844,35.529998779296875,35.529998779296875,45210000
35.7859992980957,35.91999816894531,35.63600158691406,35.79100036621094,35.79100036621094,42750000
35.67499923706055,36.06549835205078,35.54050064086914,35.70050048828125,35.70050048828125,73544000
35.90950012207031,35.90999984741211,34.95899963378906,35.31949996948242,35.31949996948242,117956000
35.90950012207031,35.90999984741211,34.95899963378906,35.31949996948242,35.31949996948242,117956000
35.90950012207031,35.90999984741211,34.95899963378906,35.31949996948242,35.31949996948242,117956000
35.602500915527344,35.900001525878906,35.26499938964844,35.8754997253418,35.8754997253418,61960000
36.099998474121094,36.12799835205078,35.66749954223633,35.7130012512207,35.7130012512207,54188000
35.61650085449219,36.04050064086914,35.61349868774414,35.96500015258789,35.96500015258789,50138000
35.70050048828125,36.0994987487793,35.55799865722656,35.762001037597656,35.762001037597656,67044000
36.11750030517578,36.249000549316406,35.71049880981445,35.89550018310547,35.89550018310547,68514000
36.11750030517578,36.249000549316406,35.71049880981445,35.89550018310547,35.89550018310547,68514000
36.11750030517578,36.249000549316406,35.71049880981445,35.89550018310547,35.89550018310547,68514000
36.154998779296875,36.445499420166016,36.1150016784668,36.38249969482422,36.38249969482422,43406000
36.31999969482422,36.47100067138672,36.08000183105469,36.332000732421875,36.332000732421875,44468000
36.49449920654297,36.5,36.02750015258789,36.1870002746582,36.1870002746582,54650000
36.32500076293945,36.57500076293945,36.22100067138672,36.33649826049805,36.33649826049805,54096000
36.33700180053711,36.349998474121094,35.92150115966797,36.277000427246094,36.277000427246094,67346000
36.33700180053711,36.349998474121094,35.92150115966797,36.277000427246094,36.277000427246094,67346000
36.33700180053711,36.349998474121094,35.92150115966797,36.277000427246094,36.277000427246094,67346000
36.048500061035156,36.41400146484375,35.775001525878906,36.4119987487793,36.4119987487793,60532000
36.04499816894531,36.32149887084961,35.9109992980957,35.97200012207031,35.97200012207031,65262000
35.61650085449219,36.21149826049805,35.566001892089844,36.13949966430664,36.13949966430664,72366000
35.75,35.83000183105469,35.55500030517578,35.61199951171875,35.61199951171875,44984000
35.75,35.83000183105469,35.55500030517578,35.61199951171875,35.61199951171875,44984000
35.75,35.83000183105469,35.55500030517578,35.61199951171875,35.61199951171875,44984000
35.75,35.83000183105469,35.55500030517578,35.61199951171875,35.61199951171875,44984000
35.416500091552734,35.75,35.364498138427734,35.74549865722656,35.74549865722656,48934000
35.400001525878906,35.542999267578125,35.2760009765625,35.41749954223633,35.41749954223633,65354000
34.9005012512207,35.375,34.900001525878906,35.209999084472656,35.209999084472656,60676000
35.212501525878906,35.29999923706055,34.82099914550781,34.837501525878906,34.837501525878906,51902000
35.0525016784668,35.36199951171875,35.0,35.13999938964844,35.13999938964844,58324000
35.0525016784668,35.36199951171875,35.0,35.13999938964844,35.13999938964844,58324000
35.0525016784668,35.36199951171875,35.0,35.13999938964844,35.13999938964844,58324000
34.59400177001953,34.970001220703125,34.47800064086914,34.92599868774414,34.92599868774414,60512000
34.47800064086914,35.12699890136719,34.4379997253418,34.872501373291016,34.872501373291016,85664000
35.494998931884766,35.7234992980957,34.695499420166016,34.76350021362305,34.76350021362305,102428000
35.506500244140625,35.662498474121094,35.013999938964844,35.53300094604492,35.53300094604492,108658000
35.731998443603516,35.962501525878906,35.32550048828125,35.49599838256836,35.49599838256836,95268000
35.731998443603516,35.962501525878906,35.32550048828125,35.49599838256836,35.49599838256836,95268000
35.731998443603516,35.962501525878906,35.32550048828125,35.49599838256836,35.49599838256836,95268000
35.86899948120117,36.122501373291016,35.57550048828125,35.89649963378906,35.89649963378906,100964000
35.28950119018555,35.95000076293945,35.08250045776367,35.6614990234375,35.6614990234375,146764000
34.70000076293945,35.227500915527344,34.67499923706055,35.153499603271484,35.153499603271484,122112000
33.6974983215332,34.3489990234375,33.570499420166016,33.98749923706055,33.98749923706055,79644000
32.8025016784668,33.84749984741211,32.800498962402344,33.6974983215332,33.6974983215332,87306000
32.8025016784668,33.84749984741211,32.800498962402344,33.6974983215332,33.6974983215332,87306000
32.8025016784668,33.84749984741211,32.800498962402344,33.6974983215332,33.6974983215332,87306000
33.66550064086914,33.824501037597656,32.79999923706055,32.954498291015625,32.954498291015625,97682000
33.12950134277344,33.70000076293945,33.106998443603516,33.54499816894531,33.54499816894531,92710000
33.86800003051758,34.01499938964844,33.52149963378906,33.566001892089844,33.566001892089844,98468000
33.19599914550781,34.275001525878906,33.10150146484375,34.192501068115234,34.192501068115234,131570000
33.29999923706055,33.499000549316406,32.70000076293945,32.97949981689453,32.97949981689453,206214000
33.29999923706055,33.499000549316406,32.70000076293945,32.97949981689453,32.97949981689453,206214000
33.29999923706055,33.499000549316406,32.70000076293945,32.97949981689453,32.97949981689453,206214000
30.777000427246094,31.34000015258789,29.959999084472656,30.100000381469727,30.100000381469727,157452000
30.59000015258789,30.797500610351562,30.06399917602539,30.328500747680664,30.328500747680664,81376000
31.308500289916992,31.337499618530273,30.743999481201172,30.8439998626709,30.8439998626709,50428000
30.83049964904785,31.349000930786133,30.8125,31.309999465942383,31.309999465942383,53658000
31.223499298095703,31.412500381469727,30.577999114990234,31.024999618530273,31.024999618530273,101678000
31.223499298095703,31.412500381469727,30.577999114990234,31.024999618530273,31.024999618530273,101678000
31.223499298095703,31.412500381469727,30.577999114990234,31.024999618530273,31.024999618530273,101678000
31.549999237060547,31.891000747680664,31.424999237060547,31.549999237060547,31.549999237060547,51926000
31.5,31.827499389648438,31.149999618530273,31.649499893188477,31.649499893188477,52188000
31.85700035095215,31.90049934387207,31.040000915527344,31.395000457763672,31.395000457763672,81118000
31.267499923706055,31.881999969482422,31.24799919128418,31.767499923706055,31.767499923706055,87218000
31.09600067138672,31.338499069213867,30.905500411987305,31.29450035095215,31.29450035095215,57754000
31.09600067138672,31.338499069213867,30.905500411987305,31.29450035095215,31.29450035095215,57754000
31.09600067138672,31.338499069213867,30.905500411987305,31.29450035095215,31.29450035095215,57754000
30.75349998474121,31.2189998626709,30.75349998474121,31.037500381469727,31.037500381469727,70242000
30.384000778198242,30.840499877929688,30.26449966430664,30.740999221801758,30.740999221801758,84566000
29.920000076293945,30.202999114990234,29.61549949645996,30.15850067138672,30.15850067138672,52822000
29.80699920654297,30.200000762939453,29.745500564575195,29.796499252319336,29.796499252319336,54086000
29.715999603271484,29.89299964904785,29.450000762939453,29.729999542236328,29.729999542236328,51838000
29.715999603271484,29.89299964904785,29.450000762939453,29.729999542236328,29.729999542236328,51838000
29.715999603271484,29.89299964904785,29.450000762939453,29.729999542236328,29.729999542236328,51838000
29.937999725341797,29.979999542236328,29.45400047302246,29.571500778198242,29.571500778198242,63780000
29.375999450683594,30.11949920654297,29.375,30.104000091552734,30.104000091552734,56998000
29.53849983215332,29.673500061035156,29.262500762939453,29.30699920654297,29.30699920654297,46178000
29.950000762939453,29.975000381469727,29.52750015258789,29.659500122070312,29.659500122070312,49416000
29.524499893188477,29.951499938964844,29.415000915527344,29.924999237060547,29.924999237060547,58348000
29.524499893188477,29.951499938964844,29.415000915527344,29.924999237060547,29.924999237060547,58348000
29.524499893188477,29.951499938964844,29.415000915527344,29.924999237060547,29.924999237060547,58348000
29.964000701904297,30.037500381469727,29.61050033569336,29.68199920654297,29.68199920654297,53636000
29.835500717163086,30.16200065612793,29.75,29.934499740600586,29.934499740600586,77810000
29.00749969482422,29.792499542236328,28.825000762939453,29.69300079345703,29.69300079345703,87852000
29.219999313354492,29.237499237060547,28.777999877929688,28.993499755859375,28.993499755859375,62430000
28.355499267578125,29.177499771118164,28.354000091552734,29.147499084472656,29.147499084472656,103710000
28.355499267578125,29.177499771118164,28.354000091552734,29.147499084472656,29.147499084472656,103710000
28.355499267578125,29.177499771118164,28.354000091552734,29.147499084472656,29.147499084472656,103710000
28.355499267578125,29.177499771118164,28.354000091552734,29.147499084472656,29.147499084472656,103710000
28.049999237060547,28.624000549316406,27.905000686645508,28.48150062561035,28.48150062561035,79674000
27.25550079345703,28.13800048828125,27.252500534057617,28.02400016784668,28.02400016784668,80012000
27.445499420166016,27.761999130249023,26.929000854492188,27.698999404907227,27.698999404907227,103114000
28.047000885009766,28.116500854492188,27.304500579833984,27.604000091552734,27.604000091552734,145938000
28.047000885009766,28.116500854492188,27.304500579833984,27.604000091552734,27.604000091552734,145938000
28.047000885009766,28.116500854492188,27.304500579833984,27.604000091552734,27.604000091552734,145938000
28.475500106811523,28.56999969482422,27.750499725341797,27.972000122070312,27.972000122070312,118562000
28.832000732421875,29.06599998474121,28.55699920654297,28.713499069213867,28.713499069213867,70754000
28.549999237060547,29.076000213623047,28.350000381469727,28.85099983215332,28.85099983215332,77536000
28.350000381469727,28.844499588012695,28.15250015258789,28.668500900268555,28.668500900268555,69084000
28.34749984741211,28.503000259399414,28.136499404907227,28.480499267578125,28.480499267578125,75426000
28.34749984741211,28.503000259399414,28.136499404907227,28.480499267578125,28.480499267578125,75426000
28.34749984741211,28.503000259399414,28.136499404907227,28.480499267578125,28.480499267578125,75426000
28.336999893188477,28.350000381469727,27.395000457763672,27.946500778198242,27.946500778198242,78398000
27.97800064086914,28.017499923706055,27.506500244140625,27.973499298095703,27.973499298095703,87546000
27.89349937438965,28.5674991607666,27.73699951171875,28.01300048828125,28.01300048828125,94600000
28.677000045776367,28.681499481201172,27.77750015258789,28.139999389648438,28.139999389648438,98538000
29.053499221801758,29.06999969482422,28.553499221801758,28.756999969482422,28.756999969482422,68330000
29.053499221801758,29.06999969482422,28.553499221801758,28.756999969482422,28.756999969482422,68330000
29.053499221801758,29.06999969482422,28.553499221801758,28.756999969482422,28.756999969482422,68330000
28.898000717163086,28.993499755859375,28.655500411987305,28.874500274658203,28.874500274658203,54826000
29.087499618530273,29.25,28.684999465942383,29.010499954223633,29.010499954223633,91644000
27.81450080871582,28.962499618530273,27.799999237060547,28.95199966430664,28.95199966430664,100770000
27.700000762939453,28.24049949645996,27.625499725341797,27.625999450683594,27.625999450683594,82908000
28.006000518798828,28.125,27.65850067138672,27.761499404907227,27.761499404907227,97540000
28.006000518798828,28.125,27.65850067138672,27.761499404907227,27.761499404907227,97540000
28.006000518798828,28.125,27.65850067138672,27.761499404907227,27.761499404907227,97540000
27.775999069213867,27.969499588012695,27.26449966430664,27.75749969482422,27.75749969482422,90510000
27.287500381469727,27.713499069213867,26.657499313354492,27.70199966430664,27.70199966430664,124634000
27.77750015258789,27.845500946044922,27.26650047302246,27.64699935913086,27.64699935913086,81016000
27.110000610351562,28.032499313354492,27.054000854492188,27.975000381469727,27.975000381469727,111332000
26.035499572753906,26.797500610351562,25.767499923706055,26.7450008392334,26.7450008392334,99494000
26.035499572753906,26.797500610351562,25.767499923706055,26.7450008392334,26.7450008392334,99494000
26.035499572753906,26.797500610351562,25.767499923706055,26.7450008392334,26.7450008392334,99494000
27.059499740600586,27.059999465942383,26.186500549316406,26.25,26.25,94700000
26.437000274658203,26.874000549316406,25.969499588012695,26.704999923706055,26.704999923706055,96480000
25.974000930786133,26.22249984741211,25.58300018310547,26.05500030517578,26.05500030517578,102370000
25.53499984741211,25.837499618530273,25.074499130249023,25.354000091552734,25.354000091552734,107696000
25.53499984741211,25.837499618530273,25.074499130249023,25.354000091552734,25.354000091552734,107696000
25.53499984741211,25.837499618530273,25.074499130249023,25.354000091552734,25.354000091552734,107696000
25.53499984741211,25.837499618530273,25.074499130249023,25.354000091552734,25.354000091552734,107696000
24.558500289916992,25.46500015258789,24.200000762939453,25.19099998474121,25.19099998474121,147948000
24.58799934387207,25.232999801635742,24.299999237060547,24.52400016784668,24.52400016784668,135724000
23.90049934387207,24.91900062561035,23.700000762939453,24.103500366210938,24.103500366210938,141558000
24.32349967956543,24.674999237060547,23.760499954223633,24.405000686645508,24.405000686645508,196510000
26.464000701904297,26.47249984741211,24.95949935913086,25.10650062561035,25.10650062561035,194178000
26.464000701904297,26.47249984741211,24.95949935913086,25.10650062561035,25.10650062561035,194178000
26.464000701904297,26.47249984741211,24.95949935913086,25.10650062561035,25.10650062561035,194178000
26.25,26.949499130249023,25.961000442504883,26.812999725341797,26.812999725341797,123982000
27.674999237060547,27.799999237060547,26.094999313354492,26.553499221801758,26.553499221801758,200974000
28.5,28.577999114990234,27.504499435424805,27.604999542236328,27.604999542236328,126240000
28.907499313354492,29.09000015258789,28.515499114990234,28.74049949645996,28.74049949645996,127102000
28.599000930786133,29.649999618530273,28.5,29.350000381469727,29.350000381469727,293552000
28.599000930786133,29.649999618530273,28.5,29.350000381469727,29.350000381469727,293552000
28.599000930786133,29.649999618530273,28.5,29.350000381469727,29.350000381469727,293552000
30.418500900268555,31.902999877929688,29.877500534057617,31.767499923706055,31.767499923706055,280304000
30.09950065612793,30.16950035095215,28.93899917602539,29.167499542236328,29.167499542236328,103058000
30.172500610351562,30.225000381469727,29.518999099731445,30.0625,30.0625,75314000
29.899499893188477,30.424999237060547,29.72800064086914,29.826499938964844,29.826499938964844,87922000
29.436500549316406,30.0049991607666,29.20549964904785,29.819000244140625,29.819000244140625,102402000
29.436500549316406,30.0049991607666,29.20549964904785,29.819000244140625,29.819000244140625,102402000
29.436500549316406,30.0049991607666,29.20549964904785,29.819000244140625,29.819000244140625,102402000
28.679000854492188,29.440500259399414,28.410999298095703,28.750999450683594,28.750999450683594,99044000
28.218000411987305,28.922500610351562,27.358999252319336,28.588499069213867,28.588499069213867,159328000
28.85449981689453,29.200000762939453,28.322500228881836,28.724000930786133,28.724000930786133,96144000
28.61199951171875,29.231000900268555,28.264999389648438,28.509000778198242,28.509000778198242,155690000
28.61199951171875,29.231000900268555,28.264999389648438,28.509000778198242,28.509000778198242,155690000
28.61199951171875,29.231000900268555,28.264999389648438,28.509000778198242,28.509000778198242,155690000
28.61199951171875,29.231000900268555,28.264999389648438,28.509000778198242,28.509000778198242,155690000
29.012500762939453,30.112499237060547,28.493999481201172,29.649999618530273,29.649999618530273,144760000
31.04400062561035,31.04400062561035,28.95800018310547,29.090499877929688,29.090499877929688,153104000
31.262500762939453,31.29949951171875,30.61199951171875,30.894500732421875,30.894500732421875,94482000
30.624000549316406,30.99250030517578,29.928499221801758,30.886999130249023,30.886999130249023,97832000
30.982999801635742,31.207000732421875,30.299999237060547,30.352500915527344,30.352500915527344,110258000
30.982999801635742,31.207000732421875,30.299999237060547,30.352500915527344,30.352500915527344,110258000
30.982999801635742,31.207000732421875,30.299999237060547,30.352500915527344,30.352500915527344,110258000
31.09000015258789,31.5,30.260499954223633,30.39699935913086,30.39699935913086,141498000
31.100000381469727,31.989500045776367,31.015499114990234,31.63249969482422,31.63249969482422,106584000
32.34299850463867,32.34550094604492,31.38249969482422,31.68950080871582,31.68950080871582,116452000
32.81449890136719,32.88600158691406,31.375499725341797,31.84950065612793,31.84950065612793,186290000
34.30400085449219,34.38750076293945,33.794498443603516,33.794498443603516,33.794498443603516,74992000
34.30400085449219,34.38750076293945,33.794498443603516,33.794498443603516,33.794498443603516,74992000
34.30400085449219,34.38750076293945,33.794498443603516,33.794498443603516,33.794498443603516,74992000
34.30400085449219,34.38750076293945,33.794498443603516,33.794498443603516,33.794498443603516,74992000
34.59450149536133,34.77450180053711,34.319000244140625,34.45349884033203,34.45349884033203,70380000
33.89899826049805,34.821998596191406,33.894500732421875,34.69850158691406,34.69850158691406,114700000
33.27799987792969,33.775001525878906,33.275001525878906,33.7599983215332,33.7599983215332,75672000
33.16749954223633,33.23400115966797,33.029998779296875,33.13949966430664,33.13949966430664,21824000
33.16749954223633,33.23400115966797,33.029998779296875,33.13949966430664,33.13949966430664,21824000
33.16749954223633,33.23400115966797,33.029998779296875,33.13949966430664,33.13949966430664,21824000
33.16749954223633,33.23400115966797,33.029998779296875,33.13949966430664,33.13949966430664,21824000
33.32500076293945,33.33000183105469,32.83150100708008,33.185001373291016,33.185001373291016,54458000
33.34149932861328,33.42449951171875,32.9630012512207,33.157501220703125,33.157501220703125,53356000
33.42499923706055,33.494998931884766,32.94649887084961,33.22549819946289,33.22549819946289,65018000
33.432498931884766,33.84199905395508,33.20650100708008,33.207000732421875,33.207000732421875,136826000
33.432498931884766,33.84199905395508,33.20650100708008,33.207000732421875,33.207000732421875,136826000
33.432498931884766,33.84199905395508,33.20650100708008,33.207000732421875,33.207000732421875,136826000
34.0,34.125,33.532501220703125,33.532501220703125,33.532501220703125,73632000
33.178001403808594,33.86750030517578,32.965999603271484,33.78850173950195,33.78850173950195,79290000
33.25149917602539,33.57500076293945,32.86750030517578,32.93199920654297,32.93199920654297,95068000
32.087501525878906,32.929500579833984,31.763500213623047,32.89550018310547,32.89550018310547,86594000
32.561500549316406,32.89400100708008,31.981000900268555,32.00749969482422,32.00749969482422,109488000
32.561500549316406,32.89400100708008,31.981000900268555,32.00749969482422,32.00749969482422,109488000
32.561500549316406,32.89400100708008,31.981000900268555,32.00749969482422,32.00749969482422,109488000
33.27949905395508,33.42649841308594,32.97800064086914,33.11600112915039,33.11600112915039,69110000
33.900001525878906,33.95000076293945,32.784000396728516,33.239498138427734,33.239498138427734,103164000
33.15650177001953,33.9995002746582,32.989498138427734,33.86650085449219,33.86650085449219,73038000
33.73699951171875,33.77299880981445,33.025001525878906,33.49150085449219,33.49150085449219,74656000
33.29999923706055,33.73899841308594,33.06999969482422,33.63199996948242,33.63199996948242,90696000
33.29999923706055,33.73899841308594,33.06999969482422,33.63199996948242,33.63199996948242,90696000
33.29999923706055,33.73899841308594,33.06999969482422,33.63199996948242,33.63199996948242,90696000
33.97200012207031,34.13949966430664,33.07400131225586,33.3125,33.3125,101294000
34.04999923706055,34.24100112915039,33.712501525878906,33.800498962402344,33.800498962402344,85470000
33.6875,34.04999923706055,33.393001556396484,33.952999114990234,33.952999114990234,95024000
33.79499816894531,34.06449890136719,33.22999954223633,33.2400016784668,33.2400016784668,113864000
34.040000915527344,34.04949951171875,33.60499954223633,33.66299819946289,33.66299819946289,39336000
34.040000915527344,34.04949951171875,33.60499954223633,33.66299819946289,33.66299819946289,39336000
34.040000915527344,34.04949951171875,33.60499954223633,33.66299819946289,33.66299819946289,39336000
33.75,33.98500061035156,33.5620002746582,33.766998291015625,33.766998291015625,53958000
33.75,33.98500061035156,33.5620002746582,33.766998291015625,33.766998291015625,53958000
33.707000732421875,33.790000915527344,33.06050109863281,33.557498931884766,33.557498931884766,90868000
33.57500076293945,34.13850021362305,33.50600051879883,33.949501037597656,33.949501037597656,87702000
33.39699935913086,33.44350051879883,32.878501892089844,33.42250061035156,33.42250061035156,77922000
33.39699935913086,33.44350051879883,32.878501892089844,33.42250061035156,33.42250061035156,77922000
33.39699935913086,33.44350051879883,32.878501892089844,33.42250061035156,33.42250061035156,77922000
33.2495002746582,33.643001556396484,32.95000076293945,33.063499450683594,33.063499450683594,94104000
32.32550048828125,33.24399948120117,32.31850051879883,33.176998138427734,33.176998138427734,89396000
32.532501220703125,32.662498474121094,32.04999923706055,32.165000915527344,32.165000915527344,86404000
32.04600143432617,32.4995002746582,31.114500045776367,32.390499114990234,32.390499114990234,148718000
33.17850112915039,33.349998474121094,32.022499084472656,32.11750030517578,32.11750030517578,125222000
33.17850112915039,33.349998474121094,32.022499084472656,32.11750030517578,32.11750030517578,125222000
33.17850112915039,33.349998474121094,32.022499084472656,32.11750030517578,32.11750030517578,125222000
33.650001525878906,33.78200149536133,33.21099853515625,33.279998779296875,33.279998779296875,85694000
33.162498474121094,33.79800033569336,33.162498474121094,33.662498474121094,33.662498474121094,107746000
32.550498962402344,33.0,32.362998962402344,32.98400115966797,32.98400115966797,69790000
32.932498931884766,33.097999572753906,32.39250183105469,32.77450180053711,32.77450180053711,80976000
32.75,33.112998962402344,32.599998474121094,32.96849822998047,32.96849822998047,81844000
32.75,33.112998962402344,32.599998474121094,32.96849822998047,32.96849822998047,81844000
32.75,33.112998962402344,32.599998474121094,32.96849822998047,32.96849822998047,81844000
32.35499954223633,32.849998474121094,32.15449905395508,32.782501220703125,32.782501220703125,94476000
31.38800048828125,32.29650115966797,31.36750030517578,32.04750061035156,32.04750061035156,96810000
31.476499557495117,31.49449920654297,31.100000381469727,31.265499114990234,31.265499114990234,64938000
31.35650062561035,31.431499481201172,31.02050018310547,31.417499542236328,31.417499542236328,56330000
31.300500869750977,31.535999298095703,31.263999938964844,31.295000076293945,31.295000076293945,77488000
31.300500869750977,31.535999298095703,31.263999938964844,31.295000076293945,31.295000076293945,77488000
31.300500869750977,31.535999298095703,31.263999938964844,31.295000076293945,31.295000076293945,77488000
30.885000228881836,31.37700080871582,30.769500732421875,31.327499389648438,31.327499389648438,77920000
30.614999771118164,30.861499786376953,30.475000381469727,30.854999542236328,30.854999542236328,78524000
30.43000030517578,30.73550033569336,30.276500701904297,30.550500869750977,30.550500869750977,75742000
30.114999771118164,30.49250030517578,29.81450080871582,30.430500030517578,30.430500030517578,85394000
30.884000778198242,30.97249984741211,29.76799964904785,29.951499938964844,29.951499938964844,213854000
30.884000778198242,30.97249984741211,29.76799964904785,29.951499938964844,29.951499938964844,213854000
30.884000778198242,30.97249984741211,29.76799964904785,29.951499938964844,29.951499938964844,213854000
28.135000228881836,28.457500457763672,27.833499908447266,28.195499420166016,28.195499420166016,155588000
28.193500518798828,28.262500762939453,27.625999450683594,27.78849983215332,27.78849983215332,66872000
28.600000381469727,28.649999618530273,27.763999938964844,28.04400062561035,28.04400062561035,86924000
28.538000106811523,28.950000762939453,28.368999481201172,28.657499313354492,28.657499313354492,87508000
28.263500213623047,28.547000885009766,28.015499114990234,28.538000106811523,28.538000106811523,86316000
28.263500213623047,28.547000885009766,28.015499114990234,28.538000106811523,28.538000106811523,86316000
28.263500213623047,28.547000885009766,28.015499114990234,28.538000106811523,28.538000106811523,86316000
27.387500762939453,28.149999618530273,27.350000381469727,28.121999740600586,28.121999740600586,98740000
27.566999435424805,27.612499237060547,26.983999252319336,27.241500854492188,27.241500854492188,71642000
27.312999725341797,27.65999984741211,27.155000686645508,27.44499969482422,27.44499969482422,58760000
26.99799919128418,27.541000366210938,26.989999771118164,27.50950050354004,27.50950050354004,55522000
26.724000930786133,27.089500427246094,26.513500213623047,26.989999771118164,26.989999771118164,70748000
26.724000930786133,27.089500427246094,26.513500213623047,26.989999771118164,26.989999771118164,70748000
26.724000930786133,27.089500427246094,26.513500213623047,26.989999771118164,26.989999771118164,70748000
26.835500717163086,26.969499588012695,25.99449920654297,26.658000946044922,26.658000946044922,93528000
27.089500427246094,27.100000381469727,26.450000762939453,27.097000122070312,27.097000122070312,76242000
27.274999618530273,27.575000762939453,26.666500091552734,26.874000549316406,26.874000549316406,90056000
26.84950065612793,27.295499801635742,26.799999237060547,27.18400001525879,27.18400001525879,67828000
25.649499893188477,26.6299991607666,25.405000686645508,26.62700080871582,26.62700080871582,91956000
25.649499893188477,26.6299991607666,25.405000686645508,26.62700080871582,26.62700080871582,91956000
25.649499893188477,26.6299991607666,25.405000686645508,26.62700080871582,26.62700080871582,91956000
25.549999237060547,26.040000915527344,25.299999237060547,26.035999298095703,26.035999298095703,75370000
25.27199935913086,25.639999389648438,25.083499908447266,25.594499588012695,25.594499588012695,80094000
25.299999237060547,25.573999404907227,24.524999618530273,24.803499221801758,24.803499221801758,89150000
26.000999450683594,26.013999938964844,24.71649932861328,25.202999114990234,25.202999114990234,108690000
27.12849998474121,27.139999389648438,26.06999969482422,26.212499618530273,26.212499618530273,80620000
27.12849998474121,27.139999389648438,26.06999969482422,26.212499618530273,26.212499618530273,80620000
27.12849998474121,27.139999389648438,26.06999969482422,26.212499618530273,26.212499618530273,80620000
26.52750015258789,26.72800064086914,26.14349937438965,26.6875,26.6875,70020000
26.915000915527344,27.06049919128418,26.700000762939453,26.803499221801758,26.803499221801758,44752000
26.98550033569336,27.177499771118164,26.632999420166016,26.920000076293945,26.920000076293945,76834000
27.21649932861328,27.48900032043457,26.97949981689453,27.41950035095215,27.41950035095215,65666000
26.731000900268555,27.312000274658203,26.5674991607666,27.01300048828125,27.01300048828125,123202000
26.731000900268555,27.312000274658203,26.5674991607666,27.01300048828125,27.01300048828125,123202000
26.731000900268555,27.312000274658203,26.5674991607666,27.01300048828125,27.01300048828125,123202000
26.349000930786133,27.348499298095703,26.328500747680664,26.943500518798828,26.943500518798828,83390000
26.099000930786133,26.415000915527344,25.926000595092773,26.36949920654297,26.36949920654297,45056000
26.162500381469727,26.395999908447266,25.860000610351562,26.118499755859375,26.118499755859375,57318000
26.472000122070312,26.622499465942383,25.929000854492188,26.069000244140625,26.069000244140625,62604000
26.053499221801758,26.472000122070312,26.030500411987305,26.472000122070312,26.472000122070312,64558000
26.053499221801758,26.472000122070312,26.030500411987305,26.472000122070312,26.472000122070312,64558000
26.053499221801758,26.472000122070312,26.030500411987305,26.472000122070312,26.472000122070312,64558000
25.75749969482422,26.306499481201172,25.73900032043457,26.11199951171875,26.11199951171875,51520000
26.200000762939453,26.497499465942383,25.753000259399414,25.844499588012695,25.844499588012695,87414000
25.434499740600586,25.917499542236328,25.425500869750977,25.87700080871582,25.87700080871582,76214000
24.88249969482422,25.142499923706055,24.781999588012695,24.950000762939453,24.950000762939453,53850000
24.88249969482422,25.142499923706055,24.781999588012695,24.950000762939453,24.950000762939453,53850000
24.88249969482422,25.142499923706055,24.781999588012695,24.950000762939453,24.950000762939453,53850000
24.88249969482422,25.142499923706055,24.781999588012695,24.950000762939453,24.950000762939453,53850000
25.725000381469727,25.79199981689453,25.12849998474121,25.236000061035156,25.236000061035156,62994000
25.254499435424805,25.542999267578125,24.88599967956543,25.52750015258789,25.52750015258789,74142000
24.957000732421875,25.5,24.671499252319336,24.82699966430664,24.82699966430664,77290000
25.82200050354004,25.970500946044922,25.453500747680664,25.644500732421875,25.644500732421875,60046000
25.875,26.075000762939453,25.652000427246094,25.90049934387207,25.90049934387207,54934000
25.875,26.075000762939453,25.652000427246094,25.90049934387207,25.90049934387207,54934000
25.875,26.075000762939453,25.652000427246094,25.90049934387207,25.90049934387207,54934000
25.68549919128418,26.13450050354004,25.363000869750977,25.918500900268555,25.918500900268555,122290000
24.201000213623047,25.18600082397461,23.937999725341797,25.03849983215332,25.03849983215332,127172000
24.374500274658203,24.472000122070312,23.3125,23.318500518798828,23.318500518798828,113586000
23.179000854492188,23.82900047302246,22.549999237060547,23.168500900268555,23.168500900268555,201952000
25.368000030517578,25.616500854492188,24.723499298095703,24.723499298095703,24.723499298095703,134130000
25.368000030517578,25.616500854492188,24.723499298095703,24.723499298095703,24.723499298095703,134130000
25.368000030517578,25.616500854492188,24.723499298095703,24.723499298095703,24.723499298095703,134130000
26.519500732421875,26.662500381469727,25.78849983215332,25.788999557495117,25.788999557495117,88160000
26.687000274658203,26.862499237060547,26.450000762939453,26.645999908447266,26.645999908447266,46480000
26.75200080871582,26.97450065612793,26.649999618530273,26.750999450683594,26.750999450683594,41426000
26.56450080871582,26.937000274658203,26.356000900268555,26.76099967956543,26.76099967956543,51634000
26.412500381469727,26.70549964904785,26.412500381469727,26.576000213623047,26.576000213623047,39896000
26.412500381469727,26.70549964904785,26.412500381469727,26.576000213623047,26.576000213623047,39896000
26.412500381469727,26.70549964904785,26.412500381469727,26.576000213623047,26.576000213623047,39896000
26.368499755859375,26.732999801635742,26.274499893188477,26.482999801635742,26.482999801635742,57904000
26.1875,26.375,25.652999877929688,26.295499801635742,26.295499801635742,79246000
26.1825008392334,26.448999404907227,26.100000381469727,26.37299919128418,26.37299919128418,53532000
26.426000595092773,26.61400032043457,26.149999618530273,26.200000762939453,26.200000762939453,52318000
26.45800018310547,26.472999572753906,25.910499572753906,26.131000518798828,26.131000518798828,79384000
26.45800018310547,26.472999572753906,25.910499572753906,26.131000518798828,26.131000518798828,79384000
26.45800018310547,26.472999572753906,25.910499572753906,26.131000518798828,26.131000518798828,79384000
26.96500015258789,27.136999130249023,26.375999450683594,26.472999572753906,26.472999572753906,76410000
26.940000534057617,26.957000732421875,26.70599937438965,26.850500106811523,26.850500106811523,57788000
26.484500885009766,26.84749984741211,26.45800018310547,26.594999313354492,26.594999313354492,58692000
26.872499465942383,27.02199935913086,26.468000411987305,26.75149917602539,26.75149917602539,60284000
26.954500198364258,27.142000198364258,26.72599983215332,26.8075008392334,26.8075008392334,60512000
26.954500198364258,27.142000198364258,26.72599983215332,26.8075008392334,26.8075008392334,60512000
26.954500198364258,27.142000198364258,26.72599983215332,26.8075008392334,26.8075008392334,60512000
26.38249969482422,26.959999084472656,26.214500427246094,26.83799934387207,26.83799934387207,74862000
26.54599952697754,26.648500442504883,26.250999450683594,26.450000762939453,26.450000762939453,75052000
26.799999237060547,26.819499969482422,26.1560001373291,26.30150032043457,26.30150032043457,105462000
26.387500762939453,27.247499465942383,26.329999923706055,26.570499420166016,26.570499420166016,149820000
28.949499130249023,29.028499603271484,26.467500686645508,26.47100067138672,26.47100067138672,438188000
28.949499130249023,29.028499603271484,26.467500686645508,26.47100067138672,26.47100067138672,438188000
28.949499130249023,29.028499603271484,26.467500686645508,26.47100067138672,26.47100067138672,438188000
24.58300018310547,24.58300018310547,23.78499984741211,24.108999252319336,24.108999252319336,187488000
24.29949951171875,24.625,24.2450008392334,24.41349983215332,24.41349983215332,62298000
24.395000457763672,24.444000244140625,24.127500534057617,24.399999618530273,24.399999618530273,63636000
24.62849998474121,24.65999984741211,24.270000457763672,24.405000686645508,24.405000686645508,95050000
23.885000228881836,24.270999908447266,23.862499237060547,24.15049934387207,24.15049934387207,98644000
23.885000228881836,24.270999908447266,23.862499237060547,24.15049934387207,24.15049934387207,98644000
23.885000228881836,24.270999908447266,23.862499237060547,24.15049934387207,24.15049934387207,98644000
23.274999618530273,23.79400062561035,23.239999771118164,23.77400016784668,23.77400016784668,81912000
23.152000427246094,23.235000610351562,23.010000228881836,23.059499740600586,23.059499740600586,59748000
23.115999221801758,23.479999542236328,22.908000946044922,23.278499603271484,23.278499603271484,94724000
22.414499282836914,22.89349937438965,22.37700080871582,22.778499603271484,22.778499603271484,79136000
22.024499893188477,22.236000061035156,21.950000762939453,22.175500869750977,22.175500869750977,48020000
22.024499893188477,22.236000061035156,21.950000762939453,22.175500869750977,22.175500869750977,48020000
22.024499893188477,22.236000061035156,21.950000762939453,22.175500869750977,22.175500869750977,48020000
21.7450008392334,21.93600082397461,21.707500457763672,21.719499588012695,21.719499588012695,45428000
21.717500686645508,21.79949951171875,21.441499710083008,21.485000610351562,21.485000610351562,47662000
21.784000396728516,21.886499404907227,21.278499603271484,21.836000442504883,21.836000442504883,69084000
21.761499404907227,21.986499786376953,21.676000595092773,21.802000045776367,21.802000045776367,38064000
21.850000381469727,21.90999984741211,21.673999786376953,21.885499954223633,21.885499954223633,26868000
21.850000381469727,21.90999984741211,21.673999786376953,21.885499954223633,21.885499954223633,26868000
21.850000381469727,21.90999984741211,21.673999786376953,21.885499954223633,21.885499954223633,26868000
21.850000381469727,21.90999984741211,21.673999786376953,21.885499954223633,21.885499954223633,26868000
21.967500686645508,22.0,21.77899932861328,21.86949920654297,21.86949920654297,39742000
21.709999084472656,21.778499603271484,21.523000717163086,21.704500198364258,21.704500198364258,51938000
21.749000549316406,21.850000381469727,21.450000762939453,21.493000030517578,21.493000030517578,55064000
22.08799934387207,22.17449951171875,21.753000259399414,21.905000686645508,21.905000686645508,52490000
22.08799934387207,22.17449951171875,21.753000259399414,21.905000686645508,21.905000686645508,52490000
22.08799934387207,22.17449951171875,21.753000259399414,21.905000686645508,21.905000686645508,52490000
21.903499603271484,22.173500061035156,21.819499969482422,22.0049991607666,22.0049991607666,44750000
22.24850082397461,22.32349967956543,22.011499404907227,22.04199981689453,22.04199981689453,52416000
21.779499053955078,22.351999282836914,21.684499740600586,22.29949951171875,22.29949951171875,64900000
21.850000381469727,21.961999893188477,21.708999633789062,21.81450080871582,21.81450080871582,36472000
22.01300048828125,22.249500274658203,21.66200065612793,21.746000289916992,21.746000289916992,89902000
22.01300048828125,22.249500274658203,21.66200065612793,21.746000289916992,21.746000289916992,89902000
22.01300048828125,22.249500274658203,21.66200065612793,21.746000289916992,21.746000289916992,89902000
21.514999389648438,21.986499786376953,21.470500946044922,21.969499588012695,21.969499588012695,67568000
21.417999267578125,21.5674991607666,21.237499237060547,21.390499114990234,21.390499114990234,43718000
21.207500457763672,21.398500442504883,21.133499145507812,21.363000869750977,21.363000869750977,45928000
21.382999420166016,21.40250015258789,21.131999969482422,21.183500289916992,21.183500289916992,41020000
21.5625,21.618000030517578,21.413000106811523,21.496000289916992,21.496000289916992,41088000
21.5625,21.618000030517578,21.413000106811523,21.496000289916992,21.496000289916992,41088000
21.5625,21.618000030517578,21.413000106811523,21.496000289916992,21.496000289916992,41088000
21.614500045776367,21.944499969482422,21.57349967956543,21.648500442504883,21.648500442504883,58450000
21.322999954223633,21.610000610351562,21.283000946044922,21.53849983215332,21.53849983215332,43446000
21.148000717163086,21.374500274658203,20.957000732421875,21.27400016784668,21.27400016784668,45774000
21.2810001373291,21.34000015258789,21.071500778198242,21.174999237060547,21.174999237060547,43450000
21.482999801635742,21.540000915527344,21.325000762939453,21.34749984741211,21.34749984741211,38158000
21.482999801635742,21.540000915527344,21.325000762939453,21.34749984741211,21.34749984741211,38158000
21.482999801635742,21.540000915527344,21.325000762939453,21.34749984741211,21.34749984741211,38158000
21.719999313354492,21.83799934387207,21.46299934387207,21.538999557495117,21.538999557495117,50216000
21.719999313354492,21.91950035095215,21.637500762939453,21.829500198364258,21.829500198364258,54558000
21.50349998474121,21.661500930786133,21.3125,21.54949951171875,21.54949951171875,33378000
21.520000457763672,21.658000946044922,21.309999465942383,21.54599952697754,21.54599952697754,45066000
21.361499786376953,21.625,21.361499786376953,21.46150016784668,21.46150016784668,60322000
21.361499786376953,21.625,21.361499786376953,21.46150016784668,21.46150016784668,60322000
21.361499786376953,21.625,21.361499786376953,21.46150016784668,21.46150016784668,60322000
21.48550033569336,21.5674991607666,21.273500442504883,21.328500747680664,21.328500747680664,38248000
21.372499465942383,21.592500686645508,21.250499725341797,21.570999145507812,21.570999145507812,44622000
21.309999465942383,21.350000381469727,21.100000381469727,21.273500442504883,21.273500442504883,44884000
21.577499389648438,21.621999740600586,21.38050079345703,21.381500244140625,21.381500244140625,40412000
21.577499389648438,21.621999740600586,21.38050079345703,21.381500244140625,21.381500244140625,40412000
21.577499389648438,21.621999740600586,21.38050079345703,21.381500244140625,21.381500244140625,40412000
21.577499389648438,21.621999740600586,21.38050079345703,21.381500244140625,21.381500244140625,40412000
21.399999618530273,21.844999313354492,21.399999618530273,21.581499099731445,21.581499099731445,82428000
21.030000686645508,21.354999542236328,20.917999267578125,21.19300079345703,21.19300079345703,43924000
21.243499755859375,21.41200065612793,21.0314998626709,21.085500717163086,21.085500717163086,49284000
21.299999237060547,21.363500595092773,21.072999954223633,21.261999130249023,21.261999130249023,47804000
21.399999618530273,21.520000457763672,21.21500015258789,21.299999237060547,21.299999237060547,84806000
21.399999618530273,21.520000457763672,21.21500015258789,21.299999237060547,21.299999237060547,84806000
21.399999618530273,21.520000457763672,21.21500015258789,21.299999237060547,21.299999237060547,84806000
21.47249984741211,21.649999618530273,21.350500106811523,21.61400032043457,21.61400032043457,37770000
21.499000549316406,21.67650032043457,21.290000915527344,21.3435001373291,21.3435001373291,39926000
21.554000854492188,21.662500381469727,21.335500717163086,21.551000595092773,21.551000595092773,38956000
21.625499725341797,21.950000762939453,21.568500518798828,21.642499923706055,21.642499923706055,47874000
21.537500381469727,21.760000228881836,21.508499145507812,21.684499740600586,21.684499740600586,58176000
21.537500381469727,21.760000228881836,21.508499145507812,21.684499740600586,21.684499740600586,58176000
21.537500381469727,21.760000228881836,21.508499145507812,21.684499740600586,21.684499740600586,58176000
21.207500457763672,21.424999237060547,21.142499923706055,21.3439998626709,21.3439998626709,55322000
21.071500778198242,21.13599967956543,20.727500915527344,20.954999923706055,20.954999923706055,51050000
21.142499923706055,21.375499725341797,21.051000595092773,21.059499740600586,21.059499740600586,57128000
21.239999771118164,21.488500595092773,21.121000289916992,21.152000427246094,21.152000427246094,45408000
21.19099998474121,21.281999588012695,20.799999237060547,21.14349937438965,21.14349937438965,71316000
21.19099998474121,21.281999588012695,20.799999237060547,21.14349937438965,21.14349937438965,71316000
21.19099998474121,21.281999588012695,20.799999237060547,21.14349937438965,21.14349937438965,71316000
21.355499267578125,21.587499618530273,20.961999893188477,21.089000701904297,21.089000701904297,72958000
21.337499618530273,21.711999893188477,21.30150032043457,21.4685001373291,21.4685001373291,72434000
21.925500869750977,21.950000762939453,21.402000427246094,21.465499877929688,21.465499877929688,82810000
22.19300079345703,22.34950065612793,21.870500564575195,21.92799949645996,21.92799949645996,108618000
21.950000762939453,22.63249969482422,21.950000762939453,22.2549991607666,22.2549991607666,343538000
21.950000762939453,22.63249969482422,21.950000762939453,22.2549991607666,22.2549991607666,343538000
21.950000762939453,22.63249969482422,21.950000762939453,22.2549991607666,22.2549991607666,343538000
19.510499954223633,19.5939998626709,19.3075008392334,19.499500274658203,19.499500274658203,159600000
19.595500946044922,19.714000701904297,19.399999618530273,19.489999771118164,19.489999771118164,69494000
19.565500259399414,19.729999542236328,19.34000015258789,19.55900001525879,19.55900001525879,92870000
18.927499771118164,19.597000122070312,18.850000381469727,19.475500106811523,19.475500106811523,100322000
19.131500244140625,19.17799949645996,18.719999313354492,18.777999877929688,18.777999877929688,76794000
19.131500244140625,19.17799949645996,18.719999313354492,18.777999877929688,18.777999877929688,76794000
19.131500244140625,19.17799949645996,18.719999313354492,18.777999877929688,18.777999877929688,76794000
19.184499740600586,19.372499465942383,19.177499771118164,19.302000045776367,19.302000045776367,41608000
19.232500076293945,19.288999557495117,19.082000732421875,19.172500610351562,19.172500610351562,38664000
19.175500869750977,19.390499114990234,19.06049919128418,19.25550079345703,19.25550079345703,51672000
19.17650032043457,19.263999938964844,19.006999969482422,19.118000030517578,19.118000030517578,37890000
19.215499877929688,19.356000900268555,19.06599998474121,19.13249969482422,19.13249969482422,51470000
19.215499877929688,19.356000900268555,19.06599998474121,19.13249969482422,19.13249969482422,51470000
19.215499877929688,19.356000900268555,19.06599998474121,19.13249969482422,19.13249969482422,51470000
19.033000946044922,19.22100067138672,18.940000534057617,19.177000045776367,19.177000045776367,47846000
18.732999801635742,19.07900047302246,18.732500076293945,19.059999465942383,19.059999465942383,52728000
18.8075008392334,18.965499877929688,18.701499938964844,18.720500946044922,18.720500946044922,39098000
18.5049991607666,19.010000228881836,18.468000411987305,18.851999282836914,18.851999282836914,61014000
18.524999618530273,18.663999557495117,18.450000762939453,18.612499237060547,18.612499237060547,37506000
18.524999618530273,18.663999557495117,18.450000762939453,18.612499237060547,18.612499237060547,37506000
18.524999618530273,18.663999557495117,18.450000762939453,18.612499237060547,18.612499237060547,37506000
18.524999618530273,18.663999557495117,18.450000762939453,18.612499237060547,18.612499237060547,37506000
18.604999542236328,18.658000946044922,18.41699981689453,18.51300048828125,18.51300048828125,49162000
18.66200065612793,18.885000228881836,18.57550048828125,18.604999542236328,18.604999542236328,50122000
18.5935001373291,18.805999755859375,18.577499389648438,18.72949981689453,18.72949981689453,36418000
18.355499267578125,18.65850067138672,18.328500747680664,18.527999877929688,18.527999877929688,52196000
18.355499267578125,18.65850067138672,18.328500747680664,18.527999877929688,18.527999877929688,52196000
18.355499267578125,18.65850067138672,18.328500747680664,18.527999877929688,18.527999877929688,52196000
18.47949981689453,18.56999969482422,18.282499313354492,18.36750030517578,18.36750030517578,58600000
18.758499145507812,19.024999618530273,18.51449966430664,18.54800033569336,18.54800033569336,68590000
18.699499130249023,18.761999130249023,18.613500595092773,18.704500198364258,18.704500198364258,44564000
18.903499603271484,19.088499069213867,18.746999740600586,18.75550079345703,18.75550079345703,44786000
18.81450080871582,18.9685001373291,18.79599952697754,18.92449951171875,18.92449951171875,75272000
18.81450080871582,18.9685001373291,18.79599952697754,18.92449951171875,18.92449951171875,75272000
18.81450080871582,18.9685001373291,18.79599952697754,18.92449951171875,18.92449951171875,75272000
18.693500518798828,18.855499267578125,18.609500885009766,18.66200065612793,18.66200065612793,38314000
18.49850082397461,18.79949951171875,18.334999084472656,18.756999969482422,18.756999969482422,53082000
18.555500030517578,18.725000381469727,18.48200035095215,18.59600067138672,18.59600067138672,40740000
18.518999099731445,18.69700050354004,18.336000442504883,18.667499542236328,18.667499542236328,47082000
18.576000213623047,18.699499130249023,18.333999633789062,18.52899932861328,18.52899932861328,52234000
18.576000213623047,18.699499130249023,18.333999633789062,18.52899932861328,18.52899932861328,52234000
18.576000213623047,18.699499130249023,18.333999633789062,18.52899932861328,18.52899932861328,52234000
18.44099998474121,18.774999618530273,18.375999450683594,18.711999893188477,18.711999893188477,56200000
18.530500411987305,18.667499542236328,18.312999725341797,18.318500518798828,18.318500518798828,49902000
18.872499465942383,18.888500213623047,18.458999633789062,18.475500106811523,18.475500106811523,62420000
18.920000076293945,18.96649932861328,18.763999938964844,18.92799949645996,18.92799949645996,46228000
19.275999069213867,19.350000381469727,18.944000244140625,19.004499435424805,19.004499435424805,52540000
19.275999069213867,19.350000381469727,18.944000244140625,19.004499435424805,19.004499435424805,52540000
19.275999069213867,19.350000381469727,18.944000244140625,19.004499435424805,19.004499435424805,52540000
19.280500411987305,19.42099952697754,19.194499969482422,19.39150047302246,19.39150047302246,53870000
19.285499572753906,19.395000457763672,19.109500885009766,19.13599967956543,19.13599967956543,45182000
19.197500228881836,19.30500030517578,19.079999923706055,19.230499267578125,19.230499267578125,38930000
19.042499542236328,19.295000076293945,18.974000930786133,19.283000946044922,19.283000946044922,42784000
19.200000762939453,19.29949951171875,18.989500045776367,19.007999420166016,19.007999420166016,50646000
19.200000762939453,19.29949951171875,18.989500045776367,19.007999420166016,19.007999420166016,50646000
19.200000762939453,19.29949951171875,18.989500045776367,19.007999420166016,19.007999420166016,50646000
19.203500747680664,19.4685001373291,19.163999557495117,19.239999771118164,19.239999771118164,53742000
18.863500595092773,19.392499923706055,18.82699966430664,19.26849937438965,19.26849937438965,63490000
18.9325008392334,19.02400016784668,18.808000564575195,18.929500579833984,18.929500579833984,38416000
19.172000885009766,19.226999282836914,18.899999618530273,19.006999969482422,19.006999969482422,43540000
18.930999755859375,19.184999465942383,18.79199981689453,19.183000564575195,19.183000564575195,65160000
18.930999755859375,19.184999465942383,18.79199981689453,19.183000564575195,19.183000564575195,65160000
18.930999755859375,19.184999465942383,18.79199981689453,19.183000564575195,19.183000564575195,65160000
18.67449951171875,19.0939998626709,18.671499252319336,18.950000762939453,18.950000762939453,59076000
18.68899917602539,18.836999893188477,18.642499923706055,18.668500900268555,18.668500900268555,53012000
18.88599967956543,18.999500274658203,18.633499145507812,18.771499633789062,18.771499633789062,73464000
18.920499801635742,19.149999618530273,18.850500106811523,19.09149932861328,19.09149932861328,69502000
18.920499801635742,19.149999618530273,18.850500106811523,19.09149932861328,19.09149932861328,69502000
18.920499801635742,19.149999618530273,18.850500106811523,19.09149932861328,19.09149932861328,69502000
18.920499801635742,19.149999618530273,18.850500106811523,19.09149932861328,19.09149932861328,69502000
18.7549991607666,18.925500869750977,18.657499313354492,18.85849952697754,18.85849952697754,55822000
18.561500549316406,18.854999542236328,18.55500030517578,18.756999969482422,18.756999969482422,55730000
18.559499740600586,18.71500015258789,18.425500869750977,18.649999618530273,18.649999618530273,45744000
18.549999237060547,18.720500946044922,18.360000610351562,18.527999877929688,18.527999877929688,54492000
18.743499755859375,18.79949951171875,18.550500869750977,18.714000701904297,18.714000701904297,77848000
18.743499755859375,18.79949951171875,18.550500869750977,18.714000701904297,18.714000701904297,77848000
18.743499755859375,18.79949951171875,18.550500869750977,18.714000701904297,18.714000701904297,77848000
18.299999237060547,18.940000534057617,18.295000076293945,18.694499969482422,18.694499969482422,144952000
17.91900062561035,18.375,17.911500930786133,18.237499237060547,18.237499237060547,83398000
18.01449966430664,18.391000747680664,18.010499954223633,18.177499771118164,18.177499771118164,124252000
17.502500534057617,18.25,17.500499725341797,18.223499298095703,18.223499298095703,204638000
17.31599998474121,17.975000381469727,17.03700065612793,17.726499557495117,17.726499557495117,477122000
17.31599998474121,17.975000381469727,17.03700065612793,17.726499557495117,17.726499557495117,477122000
17.31599998474121,17.975000381469727,17.03700065612793,17.726499557495117,17.726499557495117,477122000
15.236499786376953,15.640000343322754,14.966500282287598,15.58899974822998,15.58899974822998,173132000
15.490500450134277,15.575499534606934,15.1899995803833,15.195500373840332,15.195500373840332,61276000
15.3149995803833,15.51200008392334,15.131500244140625,15.337499618530273,15.337499618530273,58406000
15.590999603271484,15.649999618530273,15.37600040435791,15.482999801635742,15.482999801635742,63394000
15.404000282287598,15.846500396728516,15.38599967956543,15.619500160217285,15.619500160217285,89928000
15.404000282287598,15.846500396728516,15.38599967956543,15.619500160217285,15.619500160217285,89928000
15.404000282287598,15.846500396728516,15.38599967956543,15.619500160217285,15.619500160217285,89928000
15.0,15.612500190734863,15.0,15.515999794006348,15.515999794006348,107252000
14.482000350952148,15.300000190734863,14.36299991607666,14.862500190734863,14.862500190734863,201302000
14.629500389099121,14.668000221252441,14.319499969482422,14.472000122070312,14.472000122070312,61502000
14.314000129699707,14.53950023651123,14.262499809265137,14.536999702453613,14.536999702453613,69564000
14.314000129699707,14.53950023651123,14.262499809265137,14.536999702453613,14.536999702453613,69564000
14.314000129699707,14.53950023651123,14.262499809265137,14.536999702453613,14.536999702453613,69564000
14.314000129699707,14.53950023651123,14.262499809265137,14.536999702453613,14.536999702453613,69564000
14.699999809265137,14.800000190734863,14.340999603271484,14.34749984741211,14.34749984741211,88384000
14.596500396728516,14.795499801635742,14.324999809265137,14.66349983215332,14.66349983215332,110774000
14.87399959564209,15.074999809265137,14.661499977111816,14.737000465393066,14.737000465393066,82728000
14.878000259399414,14.92549991607666,14.46399974822998,14.570500373840332,14.570500373840332,68428000
15.074000358581543,15.143500328063965,14.833999633789062,14.846500396728516,14.846500396728516,51848000
15.074000358581543,15.143500328063965,14.833999633789062,14.846500396728516,14.846500396728516,51848000
15.074000358581543,15.143500328063965,14.833999633789062,14.846500396728516,14.846500396728516,51848000
15.015999794006348,15.156999588012695,14.805500030517578,15.02299976348877,15.02299976348877,61768000
14.875,15.064000129699707,14.766500473022461,14.920999526977539,14.920999526977539,52806000
15.112000465393066,15.149999618530273,14.619000434875488,14.76449966430664,14.76449966430664,70380000
15.350500106811523,15.418999671936035,15.042499542236328,15.10949993133545,15.10949993133545,55484000
15.628999710083008,15.737500190734863,15.347999572753906,15.425999641418457,15.425999641418457,55664000
15.628999710083008,15.737500190734863,15.347999572753906,15.425999641418457,15.425999641418457,55664000
15.628999710083008,15.737500190734863,15.347999572753906,15.425999641418457,15.425999641418457,55664000
15.577500343322754,15.64900016784668,15.500499725341797,15.517499923706055,15.517499923706055,40960000
15.577500343322754,15.64900016784668,15.500499725341797,15.517499923706055,15.517499923706055,40960000
15.495499610900879,15.696999549865723,15.467000007629395,15.515000343322754,15.515000343322754,41860000
15.392499923706055,15.713500022888184,15.329000473022461,15.60200023651123,15.60200023651123,60180000
15.25,15.538999557495117,15.190500259399414,15.454500198364258,15.454500198364258,57876000
15.25,15.538999557495117,15.190500259399414,15.454500198364258,15.454500198364258,57876000
15.25,15.538999557495117,15.190500259399414,15.454500198364258,15.454500198364258,57876000
15.319000244140625,15.350000381469727,15.144000053405762,15.15149974822998,15.15149974822998,30276000
15.319000244140625,15.350000381469727,15.144000053405762,15.15149974822998,15.15149974822998,30276000
15.348999977111816,15.374500274658203,15.162500381469727,15.314499855041504,15.314499855041504,54274000
15.097000122070312,15.368000030517578,15.097000122070312,15.32699966430664,15.32699966430664,80076000
14.845499992370605,15.07699966430664,14.776000022888184,14.994999885559082,14.994999885559082,174182000
14.845499992370605,15.07699966430664,14.776000022888184,14.994999885559082,14.994999885559082,174182000
14.845499992370605,15.07699966430664,14.776000022888184,14.994999885559082,14.994999885559082,174182000
15.200499534606934,15.225000381469727,14.662500381469727,14.886500358581543,14.886500358581543,154762000
14.818499565124512,14.983499526977539,14.65149974822998,14.944000244140625,14.944000244140625,88670000
15.217499732971191,15.224499702453613,14.750499725341797,14.753000259399414,14.753000259399414,130026000
15.443499565124512,15.543000221252441,15.107500076293945,15.303500175476074,15.303500175476074,76832000
15.19950008392334,15.531999588012695,15.150500297546387,15.366000175476074,15.366000175476074,63070000
15.19950008392334,15.531999588012695,15.150500297546387,15.366000175476074,15.366000175476074,63070000
15.19950008392334,15.531999588012695,15.150500297546387,15.366000175476074,15.366000175476074,63070000
15.394499778747559,15.631999969482422,15.30049991607666,15.368000030517578,15.368000030517578,65258000
15.600000381469727,15.659500122070312,15.234000205993652,15.291999816894531,15.291999816894531,64918000
15.149499893188477,15.682000160217285,15.057000160217285,15.625,15.625,80990000
15.578499794006348,15.82800006866455,15.241000175476074,15.331999778747559,15.331999778747559,72784000
15.84000015258789,15.846500396728516,15.541999816894531,15.631500244140625,15.631500244140625,65304000
15.84000015258789,15.846500396728516,15.541999816894531,15.631500244140625,15.631500244140625,65304000
15.84000015258789,15.846500396728516,15.541999816894531,15.631500244140625,15.631500244140625,65304000
15.77649974822998,15.929499626159668,15.673500061035156,15.846500396728516,15.846500396728516,65806000
16.286500930786133,16.338499069213867,15.718000411987305,15.824999809265137,15.824999809265137,113620000
16.375,16.396499633789062,16.162500381469727,16.315500259399414,16.315500259399414,55806000
16.9060001373291,17.031999588012695,16.296499252319336,16.299999237060547,16.299999237060547,98898000
16.80150032043457,17.062999725341797,16.80150032043457,16.93199920654297,16.93199920654297,61036000
16.80150032043457,17.062999725341797,16.80150032043457,16.93199920654297,16.93199920654297,61036000
16.80150032043457,17.062999725341797,16.80150032043457,16.93199920654297,16.93199920654297,61036000
16.68899917602539,16.732500076293945,16.587499618530273,16.678499221801758,16.678499221801758,39672000
16.68899917602539,16.732500076293945,16.587499618530273,16.678499221801758,16.678499221801758,39672000
16.763500213623047,16.816499710083008,16.56399917602539,16.75200080871582,16.75200080871582,51300000
16.73900032043457,16.86949920654297,16.68000030517578,16.781999588012695,16.781999588012695,55084000
16.770999908447266,16.916500091552734,16.57349967956543,16.631500244140625,16.631500244140625,89332000
16.770999908447266,16.916500091552734,16.57349967956543,16.631500244140625,16.631500244140625,89332000
16.770999908447266,16.916500091552734,16.57349967956543,16.631500244140625,16.631500244140625,89332000
16.200000762939453,16.633499145507812,16.166500091552734,16.527000427246094,16.527000427246094,68734000
16.362499237060547,16.420000076293945,16.201000213623047,16.32699966430664,16.32699966430664,65632000
16.199499130249023,16.47800064086914,16.162500381469727,16.24650001525879,16.24650001525879,70990000
16.32200050354004,16.399999618530273,15.90149974822998,16.15250015258789,16.15250015258789,95698000
15.855999946594238,16.643999099731445,15.819999694824219,16.391000747680664,16.391000747680664,177556000
15.855999946594238,16.643999099731445,15.819999694824219,16.391000747680664,16.391000747680664,177556000
15.855999946594238,16.643999099731445,15.819999694824219,16.391000747680664,16.391000747680664,177556000
15.600000381469727,15.894499778747559,15.575499534606934,15.824000358581543,15.824000358581543,73728000
15.537500381469727,15.628999710083008,15.439499855041504,15.575499534606934,15.575499534606934,43660000
15.29699993133545,15.619000434875488,15.182499885559082,15.600500106811523,15.600500106811523,76072000
15.0,15.289999961853027,15.0,15.255499839782715,15.255499839782715,56182000
14.890999794006348,14.999500274658203,14.814499855041504,14.993000030517578,14.993000030517578,52948000
14.890999794006348,14.999500274658203,14.814499855041504,14.993000030517578,14.993000030517578,52948000
14.890999794006348,14.999500274658203,14.814499855041504,14.993000030517578,14.993000030517578,52948000
14.834500312805176,14.850000381469727,14.614500045776367,14.831999778747559,14.831999778747559,75162000
15.150500297546387,15.199999809265137,14.708000183105469,14.826000213623047,14.826000213623047,93490000
15.19950008392334,15.212499618530273,15.008500099182129,15.14050006866455,15.14050006866455,68548000
15.312000274658203,15.400500297546387,15.161999702453613,15.28600025177002,15.28600025177002,64850000
15.257499694824219,15.28600025177002,15.074999809265137,15.27299976348877,15.27299976348877,91014000
15.257499694824219,15.28600025177002,15.074999809265137,15.27299976348877,15.27299976348877,91014000
15.257499694824219,15.28600025177002,15.074999809265137,15.27299976348877,15.27299976348877,91014000
14.699000358581543,14.987000465393066,14.618000030517578,14.953499794006348,14.953499794006348,81104000
14.955499649047852,14.980500221252441,14.653499603271484,14.706000328063965,14.706000328063965,97638000
14.48799991607666,14.899999618530273,14.48799991607666,14.779500007629395,14.779500007629395,111452000
14.28499984741211,14.520999908447266,14.25100040435791,14.498499870300293,14.498499870300293,119012000
14.220000267028809,14.690500259399414,14.199999809265137,14.352999687194824,14.352999687194824,396022000
14.220000267028809,14.690500259399414,14.199999809265137,14.352999687194824,14.352999687194824,396022000
14.220000267028809,14.690500259399414,14.199999809265137,14.352999687194824,14.352999687194824,396022000
15.670000076293945,15.84000015258789,15.569999694824219,15.659000396728516,15.659000396728516,180764000
15.771499633789062,15.949000358581543,15.631999969482422,15.648500442504883,15.648500442504883,62518000
15.494999885559082,15.781999588012695,15.353500366210938,15.766500473022461,15.766500473022461,71186000
15.147500038146973,15.326499938964844,15.10099983215332,15.310500144958496,15.310500144958496,64690000
15.357500076293945,15.460000038146973,15.13599967956543,15.182000160217285,15.182000160217285,88102000
15.357500076293945,15.460000038146973,15.13599967956543,15.182000160217285,15.182000160217285,88102000
15.357500076293945,15.460000038146973,15.13599967956543,15.182000160217285,15.182000160217285,88102000
14.691499710083008,15.340999603271484,14.691499710083008,15.142999649047852,15.142999649047852,94626000
15.217499732971191,15.395000457763672,14.954999923706055,15.298500061035156,15.298500061035156,106878000
15.399999618530273,15.612000465393066,15.287500381469727,15.415499687194824,15.415499687194824,67716000
15.493499755859375,15.65999984741211,15.173500061035156,15.322500228881836,15.322500228881836,87278000
15.701000213623047,15.888500213623047,15.569000244140625,15.569499969482422,15.569499969482422,73638000
15.701000213623047,15.888500213623047,15.569000244140625,15.569499969482422,15.569499969482422,73638000
15.701000213623047,15.888500213623047,15.569000244140625,15.569499969482422,15.569499969482422,73638000
16.074499130249023,16.113500595092773,15.72599983215332,15.768500328063965,15.768500328063965,71758000
15.829000473022461,16.20549964904785,15.706999778747559,16.135000228881836,16.135000228881836,69056000
15.971500396728516,16.100000381469727,15.833499908447266,15.848999977111816,15.848999977111816,47308000
16.174999237060547,16.206499099731445,15.979999542236328,16.110000610351562,16.110000610351562,45806000
16.01799964904785,16.257999420166016,15.976499557495117,16.136999130249023,16.136999130249023,60748000
16.01799964904785,16.257999420166016,15.976499557495117,16.136999130249023,16.136999130249023,60748000
16.01799964904785,16.257999420166016,15.976499557495117,16.136999130249023,16.136999130249023,60748000
15.845999717712402,15.92650032043457,15.565500259399414,15.920499801635742,15.920499801635742,71078000
16.101999282836914,16.10849952697754,15.77750015258789,15.873000144958496,15.873000144958496,61782000
16.06800079345703,16.171499252319336,15.92549991607666,16.121999740600586,16.121999740600586,52724000
16.024999618530273,16.1875,15.949999809265137,16.090999603271484,16.090999603271484,38492000
16.030000686645508,16.174999237060547,15.881999969482422,16.160499572753906,16.160499572753906,72760000
16.030000686645508,16.174999237060547,15.881999969482422,16.160499572753906,16.160499572753906,72760000
16.030000686645508,16.174999237060547,15.881999969482422,16.160499572753906,16.160499572753906,72760000
16.399499893188477,16.427000045776367,16.06999969482422,16.096500396728516,16.096500396728516,58576000
16.208499908447266,16.472000122070312,15.977999687194824,16.410499572753906,16.410499572753906,52844000
16.12299919128418,16.3799991607666,16.0625,16.181499481201172,16.181499481201172,47052000
16.42449951171875,16.47450065612793,16.05299949645996,16.225000381469727,16.225000381469727,62194000
16.3799991607666,16.63800048828125,16.278499603271484,16.56599998474121,16.56599998474121,137724000
16.3799991607666,16.63800048828125,16.278499603271484,16.56599998474121,16.56599998474121,137724000
16.3799991607666,16.63800048828125,16.278499603271484,16.56599998474121,16.56599998474121,137724000
16.27199935913086,16.354999542236328,16.18549919128418,16.25,16.25,51538000
16.38800048828125,16.399999618530273,16.076000213623047,16.200000762939453,16.200000762939453,82720000
16.053499221801758,16.474000930786133,16.0049991607666,16.38800048828125,16.38800048828125,65198000
16.545499801635742,16.566499710083008,15.949999809265137,16.194499969482422,16.194499969482422,80008000
16.47800064086914,16.644500732421875,16.43950080871582,16.559499740600586,16.559499740600586,68586000
16.47800064086914,16.644500732421875,16.43950080871582,16.559499740600586,16.559499740600586,68586000
16.47800064086914,16.644500732421875,16.43950080871582,16.559499740600586,16.559499740600586,68586000
16.496999740600586,16.65049934387207,16.319499969482422,16.525999069213867,16.525999069213867,54404000
16.71500015258789,16.749000549316406,16.44099998474121,16.566499710083008,16.566499710083008,75948000
17.08049964904785,17.08799934387207,16.458999633789062,16.487499237060547,16.487499237060547,92936000
17.226999282836914,17.29050064086914,16.95199966430664,17.117000579833984,17.117000579833984,59106000
17.315000534057617,17.34149932861328,17.125,17.319000244140625,17.319000244140625,42140000
17.315000534057617,17.34149932861328,17.125,17.319000244140625,17.319000244140625,42140000
17.315000534057617,17.34149932861328,17.125,17.319000244140625,17.319000244140625,42140000
17.184499740600586,17.4689998626709,17.179000854492188,17.297500610351562,17.297500610351562,79312000
17.12700080871582,17.16349983215332,16.877500534057617,16.950000762939453,16.950000762939453,39874000
16.999000549316406,17.125,16.857999801635742,17.118999481201172,17.118999481201172,46520000
17.08799934387207,17.090999603271484,16.884000778198242,16.95199966430664,16.95199966430664,38790000
17.08799934387207,17.090999603271484,16.884000778198242,16.95199966430664,16.95199966430664,38790000
17.08799934387207,17.090999603271484,16.884000778198242,16.95199966430664,16.95199966430664,38790000
17.08799934387207,17.090999603271484,16.884000778198242,16.95199966430664,16.95199966430664,38790000
17.0,17.089500427246094,16.940000534057617,17.000999450683594,17.000999450683594,45054000
17.10449981689453,17.333499908447266,17.066999435424805,17.159000396728516,17.159000396728516,59232000
16.850000381469727,17.218000411987305,16.727500915527344,17.09149932861328,17.09149932861328,73094000
16.660499572753906,16.838499069213867,16.635499954223633,16.701000213623047,16.701000213623047,39154000
16.649499893188477,16.70400047302246,16.540000915527344,16.579500198364258,16.579500198364258,44224000
16.649499893188477,16.70400047302246,16.540000915527344,16.579500198364258,16.579500198364258,44224000
16.649499893188477,16.70400047302246,16.540000915527344,16.579500198364258,16.579500198364258,44224000
16.823999404907227,16.82900047302246,16.611499786376953,16.64550018310547,16.64550018310547,39422000
16.733999252319336,16.857999801635742,16.701000213623047,16.788999557495117,16.788999557495117,36210000
16.743499755859375,16.79050064086914,16.65049934387207,16.756500244140625,16.756500244140625,34276000
16.77400016784668,16.889999389648438,16.688499450683594,16.726499557495117,16.726499557495117,49708000
16.700000762939453,16.75,16.416000366210938,16.681499481201172,16.681499481201172,77934000
16.700000762939453,16.75,16.416000366210938,16.681499481201172,16.681499481201172,77934000
16.700000762939453,16.75,16.416000366210938,16.681499481201172,16.681499481201172,77934000
16.389999389648438,16.704500198364258,16.335500717163086,16.660499572753906,16.660499572753906,68408000
16.3799991607666,16.586000442504883,16.30699920654297,16.31399917602539,16.31399917602539,98782000
15.944499969482422,16.065500259399414,15.84749984741211,15.965999603271484,15.965999603271484,38316000
15.923999786376953,16.018999099731445,15.843999862670898,15.916500091552734,15.916500091552734,49372000
15.597000122070312,15.866000175476074,15.532999992370605,15.84000015258789,15.84000015258789,54118000
15.597000122070312,15.866000175476074,15.532999992370605,15.84000015258789,15.84000015258789,54118000
15.597000122070312,15.866000175476074,15.532999992370605,15.84000015258789,15.84000015258789,54118000
15.760499954223633,15.793999671936035,15.482500076293945,15.572500228881836,15.572500228881836,58712000
15.541500091552734,15.788999557495117,15.510000228881836,15.694499969482422,15.694499969482422,45938000
15.664999961853027,15.727499961853027,15.503000259399414,15.616000175476074,15.616000175476074,57042000
15.442000389099121,15.809000015258789,15.425000190734863,15.682499885559082,15.682499885559082,84018000
15.684499740600586,15.791500091552734,15.229499816894531,15.352999687194824,15.352999687194824,148830000
15.684499740600586,15.791500091552734,15.229499816894531,15.352999687194824,15.352999687194824,148830000
15.684499740600586,15.791500091552734,15.229499816894531,15.352999687194824,15.352999687194824,148830000
16.000499725341797,16.034000396728516,15.593000411987305,15.649499893188477,15.649499893188477,103840000
16.072500228881836,16.136499404907227,15.925000190734863,16.125499725341797,16.125499725341797,79380000
16.099000930786133,16.145000457763672,15.975000381469727,16.0,16.0,57676000
16.212499618530273,16.240999221801758,15.824999809265137,16.02050018310547,16.02050018310547,118640000
15.864999771118164,16.243499755859375,15.73799991607666,16.20050048828125,16.20050048828125,356930000
15.864999771118164,16.243499755859375,15.73799991607666,16.20050048828125,16.20050048828125,356930000
15.864999771118164,16.243499755859375,15.73799991607666,16.20050048828125,16.20050048828125,356930000
17.999000549316406,18.24250030517578,17.926000595092773,17.930500030517578,17.930500030517578,141774000
17.952499389648438,18.0314998626709,17.83099937438965,17.906999588012695,17.906999588012695,53746000
17.762500762939453,18.146499633789062,17.762500762939453,18.04199981689453,18.04199981689453,57778000
17.905000686645508,18.085500717163086,17.836000442504883,17.988000869750977,17.988000869750977,45568000
17.719999313354492,17.983999252319336,17.604000091552734,17.933000564575195,17.933000564575195,68148000
17.719999313354492,17.983999252319336,17.604000091552734,17.933000564575195,17.933000564575195,68148000
17.719999313354492,17.983999252319336,17.604000091552734,17.933000564575195,17.933000564575195,68148000
17.672000885009766,17.847999572753906,17.569000244140625,17.622499465942383,17.622499465942383,72720000
17.7810001373291,17.965999603271484,17.649999618530273,17.795000076293945,17.795000076293945,70072000
17.68600082397461,17.779499053955078,17.469999313354492,17.722000122070312,17.722000122070312,83418000
17.351499557495117,17.78849983215332,17.26799964904785,17.766000747680664,17.766000747680664,112198000
16.73550033569336,17.350000381469727,16.73550033569336,17.309999465942383,17.309999465942383,166016000
16.73550033569336,17.350000381469727,16.73550033569336,17.309999465942383,17.309999465942383,166016000
16.73550033569336,17.350000381469727,16.73550033569336,17.309999465942383,17.309999465942383,166016000
16.216999053955078,16.499000549316406,16.13249969482422,16.395999908447266,16.395999908447266,53300000
16.23550033569336,16.510000228881836,16.157499313354492,16.49850082397461,16.49850082397461,63322000
16.655000686645508,16.687000274658203,16.06999969482422,16.190500259399414,16.190500259399414,85432000
16.875,16.877500534057617,16.625999450683594,16.677499771118164,16.677499771118164,42578000
16.741500854492188,16.915000915527344,16.65399932861328,16.874500274658203,16.874500274658203,38886000
16.741500854492188,16.915000915527344,16.65399932861328,16.874500274658203,16.874500274658203,38886000
16.741500854492188,16.915000915527344,16.65399932861328,16.874500274658203,16.874500274658203,38886000
16.741500854492188,16.915000915527344,16.65399932861328,16.874500274658203,16.874500274658203,38886000
16.65999984741211,16.83799934387207,16.58300018310547,16.642499923706055,16.642499923706055,53626000
16.292999267578125,16.65999984741211,16.2549991607666,16.61949920654297,16.61949920654297,63472000
16.249000549316406,16.349000930786133,16.11199951171875,16.23900032043457,16.23900032043457,53426000
16.29400062561035,16.326000213623047,16.16349983215332,16.228500366210938,16.228500366210938,48324000
16.29400062561035,16.326000213623047,16.16349983215332,16.228500366210938,16.228500366210938,48324000
16.29400062561035,16.326000213623047,16.16349983215332,16.228500366210938,16.228500366210938,48324000
16.42449951171875,16.4325008392334,16.10650062561035,16.284500122070312,16.284500122070312,53990000
16.21649932861328,16.407499313354492,16.086999893188477,16.371999740600586,16.371999740600586,46556000
16.37700080871582,16.486499786376953,16.136999130249023,16.20800018310547,16.20800018310547,52532000
16.166500091552734,16.377500534057617,16.070499420166016,16.36199951171875,16.36199951171875,52096000
16.38800048828125,16.410999298095703,16.020999908447266,16.209999084472656,16.209999084472656,121080000
16.38800048828125,16.410999298095703,16.020999908447266,16.209999084472656,16.209999084472656,121080000
16.38800048828125,16.410999298095703,16.020999908447266,16.209999084472656,16.209999084472656,121080000
16.76300048828125,16.94499969482422,16.298999786376953,16.350000381469727,16.350000381469727,106412000
16.399999618530273,16.787500381469727,16.25,16.7189998626709,16.7189998626709,128030000
16.37700080871582,16.566999435424805,16.261499404907227,16.2810001373291,16.2810001373291,58482000
16.243000030517578,16.434499740600586,16.176000595092773,16.381000518798828,16.381000518798828,48996000
16.352500915527344,16.46500015258789,16.17650032043457,16.313499450683594,16.313499450683594,55296000
16.352500915527344,16.46500015258789,16.17650032043457,16.313499450683594,16.313499450683594,55296000
16.352500915527344,16.46500015258789,16.17650032043457,16.313499450683594,16.313499450683594,55296000
16.77750015258789,16.77750015258789,16.232999801635742,16.295499801635742,16.295499801635742,85526000
16.799999237060547,17.035999298095703,16.694000244140625,16.760000228881836,16.760000228881836,88736000
16.38249969482422,16.774999618530273,16.375,16.620500564575195,16.620500564575195,73268000
16.578500747680664,16.649999618530273,16.282499313354492,16.375,16.375,64244000
16.25,16.54400062561035,16.24650001525879,16.48349952697754,16.48349952697754,104880000
16.25,16.54400062561035,16.24650001525879,16.48349952697754,16.48349952697754,104880000
16.25,16.54400062561035,16.24650001525879,16.48349952697754,16.48349952697754,104880000
15.404999732971191,16.39699935913086,15.345000267028809,16.178499221801758,16.178499221801758,155934000
15.342499732971191,15.475000381469727,15.192000389099121,15.33899974822998,15.33899974822998,42142000
15.287500381469727,15.395999908447266,15.253499984741211,15.35949993133545,15.35949993133545,47584000
15.629500389099121,15.630000114440918,15.350000381469727,15.442000389099121,15.442000389099121,44068000
15.721500396728516,15.732500076293945,15.378499984741211,15.6274995803833,15.6274995803833,85204000
15.721500396728516,15.732500076293945,15.378499984741211,15.6274995803833,15.6274995803833,85204000
15.721500396728516,15.732500076293945,15.378499984741211,15.6274995803833,15.6274995803833,85204000
15.520999908447266,15.743499755859375,15.510000228881836,15.689000129699707,15.689000129699707,47310000
15.475000381469727,15.690999984741211,15.371000289916992,15.508000373840332,15.508000373840332,54520000
15.720499992370605,15.731499671936035,15.369000434875488,15.541000366210938,15.541000366210938,97242000
15.27299976348877,15.617500305175781,15.244999885559082,15.612000465393066,15.612000465393066,61058000
15.27299976348877,15.617500305175781,15.244999885559082,15.612000465393066,15.612000465393066,61058000
15.27299976348877,15.617500305175781,15.244999885559082,15.612000465393066,15.612000465393066,61058000
15.27299976348877,15.617500305175781,15.244999885559082,15.612000465393066,15.612000465393066,61058000
15.2524995803833,15.427000045776367,15.150500297546387,15.245499610900879,15.245499610900879,51536000
15.11050033569336,15.29800033569336,15.076000213623047,15.250499725341797,15.250499725341797,68176000
14.854999542236328,15.222999572753906,14.837499618530273,15.059499740600586,15.059499740600586,81914000
14.788000106811523,14.949999809265137,14.690500259399414,14.838000297546387,14.838000297546387,45684000
14.640000343322754,14.944000244140625,14.577500343322754,14.885000228881836,14.885000228881836,72736000
14.640000343322754,14.944000244140625,14.577500343322754,14.885000228881836,14.885000228881836,72736000
14.640000343322754,14.944000244140625,14.577500343322754,14.885000228881836,14.885000228881836,72736000
14.901000022888184,14.960000038146973,14.519000053405762,14.759499549865723,14.759499549865723,85902000
15.125,15.232000350952148,14.833000183105469,14.880999565124512,14.880999565124512,66466000
15.130000114440918,15.279999732971191,15.037500381469727,15.232000350952148,15.232000350952148,70198000
14.71500015258789,15.166999816894531,14.708000183105469,15.142999649047852,15.142999649047852,74592000
14.528499603271484,14.684000015258789,14.218999862670898,14.612000465393066,14.612000465393066,81260000
14.528499603271484,14.684000015258789,14.218999862670898,14.612000465393066,14.612000465393066,81260000
14.528499603271484,14.684000015258789,14.218999862670898,14.612000465393066,14.612000465393066,81260000
14.541000366210938,14.793999671936035,14.361499786376953,14.416000366210938,14.416000366210938,76964000
14.777999877929688,14.819999694824219,14.333999633789062,14.635499954223633,14.635499954223633,140304000
15.476499557495117,15.490500450134277,14.85200023651123,14.869000434875488,14.869000434875488,93646000
15.318499565124512,15.511500358581543,15.25,15.5024995803833,15.5024995803833,50398000
15.520999908447266,15.66450023651123,15.215499877929688,15.400500297546387,15.400500297546387,79902000
15.520999908447266,15.66450023651123,15.215499877929688,15.400500297546387,15.400500297546387,79902000
15.520999908447266,15.66450023651123,15.215499877929688,15.400500297546387,15.400500297546387,79902000
15.206500053405762,15.52400016784668,15.199999809265137,15.394499778747559,15.394499778747559,86572000
14.904999732971191,15.227999687194824,14.904999732971191,15.206500053405762,15.206500053405762,81772000
14.821999549865723,15.092000007629395,14.522500038146973,15.019000053405762,15.019000053405762,130186000
15.199999809265137,15.219499588012695,14.399999618530273,14.829000473022461,14.829000473022461,289596000
15.8125,15.82450008392334,15.135499954223633,15.191499710083008,15.191499710083008,323604000
15.8125,15.82450008392334,15.135499954223633,15.191499710083008,15.191499710083008,323604000
15.8125,15.82450008392334,15.135499954223633,15.191499710083008,15.191499710083008,323604000
16.48349952697754,16.8700008392334,16.147499084472656,16.857500076293945,16.857500076293945,185874000
16.652999877929688,16.6564998626709,16.16950035095215,16.229000091552734,16.229000091552734,72092000
16.600000381469727,16.875,16.44700050354004,16.465999603271484,16.465999603271484,74232000
16.19849967956543,16.5575008392334,16.11549949645996,16.543500900268555,16.543500900268555,59988000
15.98799991607666,16.433000564575195,15.98799991607666,16.245500564575195,16.245500564575195,85984000
15.98799991607666,16.433000564575195,15.98799991607666,16.245500564575195,16.245500564575195,85984000
15.98799991607666,16.433000564575195,15.98799991607666,16.245500564575195,16.245500564575195,85984000
15.98799991607666,16.433000564575195,15.98799991607666,16.245500564575195,16.245500564575195,85984000
16.058500289916992,16.200000762939453,15.73550033569336,16.18400001525879,16.18400001525879,85698000
15.835000038146973,15.913999557495117,15.274999618530273,15.803999900817871,15.803999900817871,107972000
15.883500099182129,16.02400016784668,15.564000129699707,15.795499801635742,15.795499801635742,85870000
15.699999809265137,15.824999809265137,15.475000381469727,15.58650016784668,15.58650016784668,145750000
15.699999809265137,15.824999809265137,15.475000381469727,15.58650016784668,15.58650016784668,145750000
15.699999809265137,15.824999809265137,15.475000381469727,15.58650016784668,15.58650016784668,145750000
16.530000686645508,16.549999237060547,15.824999809265137,15.855500221252441,15.855500221252441,122534000
16.423500061035156,16.608999252319336,16.125,16.590499877929688,16.590499877929688,101132000
16.0939998626709,16.399999618530273,15.92199993133545,16.353500366210938,16.353500366210938,131552000
16.04949951171875,16.246999740600586,15.656499862670898,15.887999534606934,15.887999534606934,141548000
16.75749969482422,16.77199935913086,15.780500411987305,16.149999618530273,16.149999618530273,250692000
16.75749969482422,16.77199935913086,15.780500411987305,16.149999618530273,16.149999618530273,250692000
16.75749969482422,16.77199935913086,15.780500411987305,16.149999618530273,16.149999618530273,250692000
17.090999603271484,17.125,16.42300033569336,16.680999755859375,16.680999755859375,127986000
17.29949951171875,17.415000915527344,17.018999099731445,17.097999572753906,17.097999572753906,89510000
16.904499053955078,17.221500396728516,16.899999618530273,17.149499893188477,17.149499893188477,72002000
17.1200008392334,17.31450080871582,16.702999114990234,16.818500518798828,16.818500518798828,85950000
17.002500534057617,17.350000381469727,16.804000854492188,16.914499282836914,16.914499282836914,79736000
17.002500534057617,17.350000381469727,16.804000854492188,16.914499282836914,16.914499282836914,79736000
17.002500534057617,17.350000381469727,16.804000854492188,16.914499282836914,16.914499282836914,79736000
17.157499313354492,17.200000762939453,16.54400062561035,16.923500061035156,16.923500061035156,115328000
17.85650062561035,17.8799991607666,17.170000076293945,17.170499801635742,17.170499801635742,82414000
17.701499938964844,17.94849967956543,17.441999435424805,17.73550033569336,17.73550033569336,88914000
18.004499435424805,18.075000762939453,17.43000030517578,17.592500686645508,17.592500686645508,97470000
18.549999237060547,18.642000198364258,17.920000076293945,18.0310001373291,18.0310001373291,108282000
18.549999237060547,18.642000198364258,17.920000076293945,18.0310001373291,18.0310001373291,108282000
18.549999237060547,18.642000198364258,17.920000076293945,18.0310001373291,18.0310001373291,108282000
18.531999588012695,18.649999618530273,18.31100082397461,18.44849967956543,18.44849967956543,51170000
18.938499450683594,18.950000762939453,18.47100067138672,18.661500930786133,18.661500930786133,52934000
18.865999221801758,18.950000762939453,18.75,18.938499450683594,18.938499450683594,49670000
18.785999298095703,18.9424991607666,18.743999481201172,18.75200080871582,18.75200080871582,46060000
18.639999389648438,18.928499221801758,18.577499389648438,18.687000274658203,18.687000274658203,88044000
18.639999389648438,18.928499221801758,18.577499389648438,18.687000274658203,18.687000274658203,88044000
18.639999389648438,18.928499221801758,18.577499389648438,18.687000274658203,18.687000274658203,88044000
18.83099937438965,19.155500411987305,18.40399932861328,18.57550048828125,18.57550048828125,136580000
18.31999969482422,18.558000564575195,18.180500030517578,18.531999588012695,18.531999588012695,44332000
18.54949951171875,18.639999389648438,18.36400032043457,18.44099998474121,18.44099998474121,44922000
18.63450050354004,18.636499404907227,18.350000381469727,18.526500701904297,18.526500701904297,42116000
18.729000091552734,18.749500274658203,18.476499557495117,18.60300064086914,18.60300064086914,45596000
18.729000091552734,18.749500274658203,18.476499557495117,18.60300064086914,18.60300064086914,45596000
18.729000091552734,18.749500274658203,18.476499557495117,18.60300064086914,18.60300064086914,45596000
18.702499389648438,18.76650047302246,18.44499969482422,18.607999801635742,18.607999801635742,58532000
18.206499099731445,18.636499404907227,18.19499969482422,18.618499755859375,18.618499755859375,76966000
18.19499969482422,18.284000396728516,18.12299919128418,18.19499969482422,18.19499969482422,54088000
17.937000274658203,18.04800033569336,17.724000930786133,17.98900032043457,17.98900032043457,55966000
18.030000686645508,18.293500900268555,17.854000091552734,18.104999542236328,18.104999542236328,77640000
18.030000686645508,18.293500900268555,17.854000091552734,18.104999542236328,18.104999542236328,77640000
18.030000686645508,18.293500900268555,17.854000091552734,18.104999542236328,18.104999542236328,77640000
17.861000061035156,18.029499053955078,17.774999618530273,18.006500244140625,18.006500244140625,62098000
17.993000030517578,18.237499237060547,17.85849952697754,17.989999771118164,17.989999771118164,72442000
17.649999618530273,18.054000854492188,17.57900047302246,17.916000366210938,17.916000366210938,74728000
17.25950050354004,17.649999618530273,17.164499282836914,17.589000701904297,17.589000701904297,72894000
17.621999740600586,17.707000732421875,17.337499618530273,17.33799934387207,17.33799934387207,84200000
17.621999740600586,17.707000732421875,17.337499618530273,17.33799934387207,17.33799934387207,84200000
17.621999740600586,17.707000732421875,17.337499618530273,17.33799934387207,17.33799934387207,84200000
17.440000534057617,17.523000717163086,17.2189998626709,17.489999771118164,17.489999771118164,69856000
17.631999969482422,17.726999282836914,17.30500030517578,17.368999481201172,17.368999481201172,83362000
17.763999938964844,17.786500930786133,17.47249984741211,17.6825008392334,17.6825008392334,99960000
17.966999053955078,17.966999053955078,17.667499542236328,17.86750030517578,17.86750030517578,70404000
17.966999053955078,17.966999053955078,17.667499542236328,17.86750030517578,17.86750030517578,70404000
17.966999053955078,17.966999053955078,17.667499542236328,17.86750030517578,17.86750030517578,70404000
17.966999053955078,17.966999053955078,17.667499542236328,17.86750030517578,17.86750030517578,70404000
17.385000228881836,17.860000610351562,17.325000762939453,17.860000610351562,17.860000610351562,83500000
17.821500778198242,17.887500762939453,17.31599998474121,17.462499618530273,17.462499618530273,131754000
18.091999053955078,18.180500030517578,17.8125,18.089500427246094,18.089500427246094,64442000
18.08049964904785,18.25,17.967500686645508,18.043500900268555,18.043500900268555,68994000
17.948999404907227,18.09000015258789,17.624500274658203,18.054000854492188,18.054000854492188,86610000
17.948999404907227,18.09000015258789,17.624500274658203,18.054000854492188,18.054000854492188,86610000
17.948999404907227,18.09000015258789,17.624500274658203,18.054000854492188,18.054000854492188,86610000
17.3700008392334,17.740999221801758,17.3700008392334,17.72949981689453,17.72949981689453,66714000
17.299999237060547,17.4685001373291,16.886499404907227,17.322500228881836,17.322500228881836,88708000
17.47949981689453,17.700000762939453,17.201000213623047,17.397499084472656,17.397499084472656,96258000
17.948999404907227,18.042499542236328,17.0049991607666,17.3075008392334,17.3075008392334,205616000
18.58799934387207,18.772499084472656,17.88800048828125,17.934499740600586,17.934499740600586,323096000
18.58799934387207,18.772499084472656,17.88800048828125,17.934499740600586,17.934499740600586,323096000
18.58799934387207,18.772499084472656,17.88800048828125,17.934499740600586,17.934499740600586,323096000
19.688499450683594,20.3125,19.385000228881836,20.15049934387207,20.15049934387207,209478000
19.607999801635742,19.642499923706055,19.16200065612793,19.209999084472656,19.209999084472656,67646000
19.3700008392334,19.73699951171875,19.356000900268555,19.721500396728516,19.721500396728516,57890000
19.524999618530273,19.704999923706055,19.024499893188477,19.31399917602539,19.31399917602539,78736000
19.908000946044922,20.010000228881836,19.363500595092773,19.3799991607666,19.3799991607666,89168000
19.908000946044922,20.010000228881836,19.363500595092773,19.3799991607666,19.3799991607666,89168000
19.908000946044922,20.010000228881836,19.363500595092773,19.3799991607666,19.3799991607666,89168000
20.049999237060547,20.308500289916992,19.88949966430664,19.993499755859375,19.993499755859375,60508000
20.399999618530273,20.402999877929688,20.100000381469727,20.226999282836914,20.226999282836914,41210000
20.149999618530273,20.389999389648438,20.079999923706055,20.352500915527344,20.352500915527344,62442000
19.71299934387207,20.17449951171875,19.683000564575195,19.980499267578125,19.980499267578125,90102000
19.71299934387207,20.17449951171875,19.683000564575195,19.980499267578125,19.980499267578125,90102000
19.71299934387207,20.17449951171875,19.683000564575195,19.980499267578125,19.980499267578125,90102000
19.71299934387207,20.17449951171875,19.683000564575195,19.980499267578125,19.980499267578125,90102000
19.68400001525879,19.964500427246094,19.470500946044922,19.790000915527344,19.790000915527344,52024000
19.94700050354004,19.965499877929688,19.62649917602539,19.793500900268555,19.793500900268555,53566000
19.60650062561035,19.931499481201172,19.56450080871582,19.87700080871582,19.87700080871582,46802000
19.89900016784668,19.98900032043457,19.422500610351562,19.548999786376953,19.548999786376953,56898000
20.12649917602539,20.187999725341797,19.690000534057617,19.882999420166016,19.882999420166016,53590000
20.12649917602539,20.187999725341797,19.690000534057617,19.882999420166016,19.882999420166016,53590000
20.12649917602539,20.187999725341797,19.690000534057617,19.882999420166016,19.882999420166016,53590000
20.18549919128418,20.344499588012695,19.922000885009766,20.050500869750977,20.050500869750977,42060000
19.923500061035156,20.149999618530273,19.802000045776367,20.09600067138672,20.09600067138672,46330000
19.75200080871582,19.923500061035156,19.714500427246094,19.901500701904297,19.901500701904297,38320000
19.792499542236328,19.850000381469727,19.42099952697754,19.681499481201172,19.681499481201172,63412000
19.914499282836914,20.135499954223633,19.81100082397461,19.82200050354004,19.82200050354004,44204000
19.914499282836914,20.135499954223633,19.81100082397461,19.82200050354004,19.82200050354004,44204000
19.914499282836914,20.135499954223633,19.81100082397461,19.82200050354004,19.82200050354004,44204000
19.940000534057617,19.968000411987305,19.701000213623047,19.898500442504883,19.898500442504883,42756000
